1
2 6
20 36 
2 2 66 
2 20 93 
1 3 46 
1 10 64 
2 8 49 
2 18 40 

3 9
20 31 40 
1 9 64 
3 17 100 
3 9 59 
3 18 57 
3 20 49 
2 20 82 
2 14 95 
1 8 75 
2 16 67

2 5
569452312 703565975 
1 928391659 66
1 915310 82 
2 87017081 92 
1 415310 54 
2 567745964 82


2 4
20 38 
1 2 82 
2 13 92 
1 3 54 
2 16 82

1 8
703565975
1 928391659 66
1 449415310 10
1 754589360 69
1 412937001 17
1 820317579 98
1 87017081 59
1 899588155 69
1 567745964 60


2 9
9 20 
2 8 64 
2 7 64 
1 20 56 
2 8 76 
2 20 48 
1 2 89 
1 3 38 
2 18 66 
1 7 51 

3 5
5 7 8
1 1 30
2 3 50
2 3 100
1 1 80
3 3 100
1 5
51
1 36 91
1 8 40
1 42 83
1 3 45
1 13 40
1 5
33
1 54 70
1 52 63
1 45 49
1 10 29
1 20 58
3 7
11 11 13
2 18 65
2 19 60
2 18 98
3 5 40
3 20 57
1 2 56
1 18 52


1 3
65
1 31 10
1 48 31
1 37 18


1 7
62
1 18 77
1 59 82
1 6 64
1 21 98
1 23 15
1 35 23
1 26 57


1 6
73
1 14 7
1 48 78
1 24 7
1 12 99
1 6 99
1 18 15



2 5
52 62
1 5 46
1 51 53
1 10 53
2 10 100
1 43 94

