1000
2 5
6 15
2 1 45
1 17 31
1 5 75
2 17 54
2 2 42
2 7
19 26
1 19 61
2 8 95
2 20 71
1 9 66
2 15 77
1 20 86
2 14 37
1 5
1
1 2 32
1 7 73
1 11 49
1 14 94
1 1 39
1 2
5
1 2 73
1 2 34
4 7
6 22 23 26
1 15 60
4 10 68
4 14 88
1 20 36
1 11 99
4 17 88
1 7 69
3 10
6 16 27
1 6 54
3 19 55
1 14 53
1 15 39
3 7 72
2 15 86
1 18 89
1 10 57
2 18 96
2 6 83
4 5
1 10 12 17
4 7 57
2 12 55
3 9 88
4 14 97
2 15 61
4 2
12 27 32 32
2 17 86
3 1 43
3 5
20 21 34
1 7 93
1 13 64
1 16 50
2 5 89
2 3 85
1 6
15
1 10 51
1 20 36
1 19 39
1 1 48
1 17 71
1 18 45
2 3
13 21
1 7 75
2 17 76
1 2 54
1 4
9
1 18 38
1 15 75
1 3 32
1 17 75
5 10
4 4 8 22 41
2 14 92
2 6 80
2 19 67
5 11 51
2 14 77
1 9 36
4 12 38
2 3 44
2 20 32
3 16 99
5 10
1 5 10 14 21
3 11 53
1 4 59
1 4 77
4 16 94
3 19 79
4 3 89
4 14 35
4 3 96
2 20 43
4 19 51
1 4
3
1 20 68
1 20 39
1 14 48
1 10 57
5 6
5 13 33 40 46
3 16 33
4 14 39
5 11 77
5 17 77
5 14 82
1 5 100
2 1
9 18
1 12 48
3 1
18 33 40
3 6 37
5 4
7 11 25 26 33
4 7 72
2 19 64
1 19 72
3 15 84
2 2
17 26
1 6 93
2 6 94
2 8
4 20
1 9 82
1 16 40
2 14 40
2 3 73
2 1 41
1 1 86
1 8 70
2 18 67
1 9
4
1 1 81
1 5 42
1 5 59
1 18 49
1 4 83
1 5 36
1 2 91
1 12 75
1 12 69
1 10
16
1 17 65
1 7 68
1 4 96
1 18 30
1 19 68
1 3 83
1 11 42
1 3 52
1 9 40
1 8 64
4 6
13 30 38 39
4 20 75
4 20 100
1 14 92
2 13 77
2 20 66
1 15 72
2 3
4 24
2 16 52
1 18 59
2 18 57
1 1
16
1 4 96
5 9
1 21 39 42 53
1 6 34
4 14 34
1 7 46
4 5 78
2 8 46
1 17 87
3 12 84
3 11 100
1 2 89
1 10
3
1 19 73
1 1 70
1 17 91
1 17 100
1 12 34
1 2 74
1 11 55
1 20 62
1 13 86
1 10 68
2 4
6 20
2 3 91
1 9 44
1 19 95
1 19 87
3 4
20 39 51
2 7 45
2 3 59
3 8 55
1 10 32
5 9
11 13 19 35 46
5 17 47
4 19 42
1 10 42
4 15 68
4 6 53
2 14 86
1 19 38
2 8 87
1 16 87
2 2
12 25
2 8 61
2 12 46
3 10
5 20 32
3 20 49
2 16 100
2 19 55
2 6 46
2 5 56
3 15 56
2 18 100
3 9 73
3 16 58
2 11 95
5 10
17 34 47 53 56
1 5 57
5 18 73
1 3 51
1 13 55
1 13 73
4 7 41
5 7 68
4 5 51
4 14 91
5 14 34
3 5
7 7 21
3 5 74
2 16 67
2 18 43
2 17 94
3 3 94
3 6
9 29 45
1 16 33
2 8 80
3 14 44
3 1 37
2 18 76
2 10 96
2 9
8 25
1 11 39
2 1 97
2 2 93
2 15 41
2 19 64
1 15 45
2 1 93
2 9 38
1 7 95
5 8
15 26 38 54 70
5 8 59
5 13 49
2 2 55
2 1 100
2 5 32
5 10 91
3 13 68
4 13 94
4 8
20 23 41 48
2 16 36
1 4 81
2 6 70
1 9 36
3 5 33
1 19 91
3 11 61
4 14 61
4 6
5 8 14 24
3 9 83
1 20 67
1 11 48
1 14 47
1 10 43
1 4 50
3 4
1 6 10
1 2 57
3 16 57
1 14 73
3 16 70
4 9
14 14 16 18
3 4 71
3 20 36
4 2 86
1 12 53
3 14 37
4 11 95
3 13 65
3 11 80
1 14 88
3 1
2 13 21
1 13 79
3 1
20 31 40
2 13 70
4 8
11 24 30 38
4 9 74
1 14 52
2 10 80
1 3 40
3 6 30
2 14 64
3 9 78
4 3 46
4 8
19 34 36 52
3 9 51
3 15 60
1 19 95
3 9 61
3 1 76
4 15 57
1 16 37
4 4 73
1 3
10
1 2 59
1 7 74
1 13 77
5 2
18 37 42 52 56
1 5 41
1 6 54
1 1
2
1 19 97
4 2
14 16 36 39
2 6 78
3 7 33
1 7
2
1 3 66
1 14 57
1 18 32
1 20 89
1 16 76
1 20 68
1 13 88
4 4
5 15 21 28
2 4 32
4 4 93
4 3 71
4 13 56
3 3
18 25 32
3 20 63
2 4 96
3 10 73
4 7
16 29 42 60
3 3 37
4 17 41
1 3 42
3 17 73
4 2 35
2 14 82
1 17 95
5 4
13 20 36 51 53
5 17 31
5 8 77
4 14 100
2 20 72
1 10
7
1 5 47
1 19 58
1 20 44
1 20 55
1 19 79
1 13 32
1 19 61
1 5 71
1 16 98
1 12 37
5 7
1 7 10 16 22
3 19 71
5 17 67
4 7 46
1 6 88
2 20 81
2 19 100
3 16 95
3 9
8 24 42
3 18 40
3 7 86
1 6 97
1 19 39
2 14 40
2 17 74
3 12 47
2 13 70
1 2 88
3 7
9 15 16
3 4 36
2 15 64
1 15 37
1 5 95
1 6 91
3 15 80
2 20 86
3 1
17 34 47
3 11 95
5 5
6 8 20 24 30
2 15 36
1 10 100
1 15 58
3 4 73
2 15 60
1 1
8
1 11 32
1 4
19
1 4 54
1 16 86
1 10 89
1 5 98
4 1
17 23 38 58
4 16 70
4 8
13 33 39 55
3 5 70
1 16 89
1 3 91
3 20 71
2 7 31
4 4 48
4 17 65
3 9 73
1 4
12
1 6 89
1 7 44
1 7 70
1 9 42
3 9
16 16 26
3 8 91
3 6 44
3 11 40
1 2 65
2 11 92
3 19 39
1 18 33
3 18 79
2 18 31
1 3
4
1 17 84
1 3 32
1 4 56
1 8
14
1 13 85
1 13 92
1 12 74
1 2 69
1 11 88
1 4 79
1 16 98
1 20 54
4 9
17 21 22 25
3 5 68
2 11 57
2 16 64
1 6 89
3 3 73
4 3 63
2 8 95
3 1 55
1 11 66
5 8
12 13 19 35 54
2 11 64
1 16 55
4 18 84
3 17 99
5 4 33
3 13 49
4 17 61
1 3 57
4 10
13 16 23 28
3 8 92
3 7 62
3 7 45
2 7 58
4 5 33
3 11 73
2 11 80
3 20 94
2 3 56
3 5 62
3 2
8 18 28
2 15 47
2 4 63
2 4
4 14
1 15 80
1 11 56
2 1 68
1 1 94
4 9
18 25 28 29
2 11 58
3 8 45
4 1 46
3 19 39
2 14 94
2 7 51
4 3 83
3 4 62
1 4 92
2 6
13 24
2 7 57
2 20 85
2 18 57
2 2 57
1 3 32
1 14 86
2 1
3 14
2 7 32
5 7
15 34 54 74 74
5 19 70
2 11 76
5 19 70
5 9 93
5 12 63
1 11 65
3 20 82
2 3
2 10
1 12 74
2 5 31
2 1 71
3 9
16 26 32
3 10 59
3 6 90
1 19 59
1 7 74
3 4 36
1 15 98
3 9 98
3 20 56
3 18 48
5 8
13 17 22 23 40
2 4 86
1 15 47
5 14 99
1 17 62
2 8 62
2 3 31
2 2 88
2 20 96
1 2
14
1 5 43
1 12 69
5 3
19 24 28 35 45
2 1 93
4 11 70
2 11 79
5 2
6 10 13 17 29
2 2 51
4 14 97
3 1
2 6 12
3 15 97
1 6
4
1 3 89
1 18 38
1 17 73
1 8 39
1 5 31
1 10 58
2 3
14 22
2 8 34
2 15 50
2 2 34
5 6
15 32 43 58 60
5 11 94
3 12 30
1 1 77
2 11 60
1 12 49
4 7 51
4 1
13 16 30 39
2 16 53
1 5
13
1 1 70
1 3 59
1 3 46
1 16 65
1 17 78
1 4
12
1 19 67
1 4 83
1 4 93
1 8 65
5 6
2 8 14 32 37
3 14 50
2 10 32
3 20 67
2 10 61
4 19 53
2 17 64
1 3
15
1 5 89
1 3 77
1 11 78
4 5
2 15 28 34
3 11 79
4 16 40
4 12 39
2 11 76
3 10 54
3 8
9 11 22
2 16 84
1 15 62
1 18 57
2 10 93
3 2 71
2 7 36
1 4 69
1 6 99
5 3
9 10 18 25 31
4 3 38
4 18 38
5 3 89
4 2
14 22 39 55
3 1 67
3 18 95
5 3
20 25 38 55 69
1 10 74
5 19 96
4 13 69
1 4
8
1 11 73
1 18 75
1 6 94
1 17 65
2 7
4 24
2 9 100
1 6 90
1 14 97
1 6 58
2 18 94
1 16 43
1 6 41
1 4
9
1 6 33
1 13 79
1 1 85
1 13 79
2 1
8 11
2 11 44
5 9
18 25 41 42 61
2 8 79
5 12 65
4 9 85
4 10 74
2 13 59
2 17 58
2 14 93
1 6 69
4 9 100
3 8
17 31 49
2 14 99
1 2 55
1 4 80
2 1 60
2 20 58
1 10 77
2 4 98
2 3 98
2 1
10 17
1 15 75
1 6
7
1 16 68
1 11 57
1 6 99
1 5 36
1 9 30
1 12 40
4 10
1 5 7 16
3 16 55
1 14 90
1 19 77
3 13 65
2 15 57
2 10 31
2 16 66
1 16 40
2 3 39
2 20 74
1 7
8
1 14 66
1 4 43
1 20 46
1 15 91
1 3 74
1 11 86
1 20 37
3 7
16 34 42
1 16 52
2 18 63
2 15 58
1 9 92
2 19 41
1 5 38
1 10 95
5 2
1 19 37 43 43
2 20 49
2 18 94
2 9
8 10
1 18 54
2 17 34
2 8 76
1 19 34
1 14 38
1 20 98
2 20 93
2 7 54
1 7 82
1 5
16
1 1 43
1 13 43
1 18 58
1 5 73
1 9 70
3 1
8 24 30
2 2 85
5 8
12 31 36 43 47
2 12 50
3 2 46
5 10 47
4 13 69
4 12 99
2 2 51
5 3 43
2 12 32
1 8
8
1 5 32
1 6 84
1 6 38
1 5 87
1 9 89
1 1 83
1 18 64
1 6 80
2 3
1 6
2 1 52
2 17 92
2 10 63
4 10
1 18 38 54
1 10 76
3 4 71
2 16 60
3 7 68
2 14 38
3 17 100
4 20 92
3 13 52
4 1 38
3 20 75
1 3
17
1 11 89
1 2 64
1 18 91
5 5
8 10 30 31 45
2 14 95
5 3 81
2 5 88
1 20 36
4 9 80
2 10
2 16
2 18 97
2 11 64
1 20 36
1 11 54
1 6 54
2 17 88
2 17 98
1 19 83
2 1 48
1 11 46
5 4
5 9 21 25 38
3 3 81
4 19 53
2 5 74
1 4 95
4 9
20 39 58 58
2 15 87
3 19 86
3 4 77
1 18 84
4 3 30
4 19 80
2 8 41
3 10 66
2 13 52
1 2
20
1 9 59
1 19 83
3 5
2 9 17
3 10 45
1 6 65
3 19 45
3 19 71
1 14 34
3 10
9 17 23
2 19 97
2 9 80
1 8 86
3 2 35
2 11 65
3 16 92
2 7 70
1 6 63
3 3 65
1 6 66
3 5
4 18 21
1 15 72
2 20 100
2 18 37
2 14 31
1 5 79
2 5
12 27
1 17 57
2 15 42
2 6 75
1 17 95
1 4 87
2 10
18 34
1 9 79
1 9 94
2 9 97
2 4 31
1 4 39
2 1 98
1 13 64
2 3 35
1 16 83
2 18 42
2 9
8 16
1 10 71
1 12 72
1 5 99
1 12 99
1 14 63
2 3 72
2 13 69
2 17 65
2 16 72
3 5
18 28 35
3 17 81
2 6 78
3 14 61
2 10 89
1 14 96
3 2
12 29 40
2 3 66
2 4 65
4 10
14 33 38 52
4 12 31
3 4 59
2 10 53
3 18 33
2 18 68
2 6 36
3 12 90
1 15 84
2 13 76
2 13 55
3 4
13 15 30
3 8 43
1 13 87
1 19 82
2 14 89
1 9
8
1 3 47
1 2 53
1 15 75
1 12 42
1 10 58
1 14 64
1 12 96
1 14 35
1 5 81
5 2
1 5 6 23 23
2 6 89
1 20 76
1 8
13
1 12 69
1 12 49
1 16 98
1 8 53
1 1 53
1 18 43
1 16 48
1 2 91
1 3
10
1 7 81
1 20 70
1 14 57
3 6
15 22 25
2 9 50
3 9 91
1 7 35
2 19 75
1 3 57
3 18 85
4 3
17 17 31 41
4 7 82
2 15 70
4 14 88
2 3
1 3
2 12 33
1 11 66
1 14 63
4 6
14 14 22 25
4 12 87
1 15 69
3 5 42
2 2 89
2 20 81
3 14 98
1 1
18
1 13 96
3 9
20 21 23
3 12 99
3 4 46
1 6 52
2 14 52
1 18 34
3 11 94
3 7 34
2 1 48
2 15 56
2 2
10 13
2 15 41
2 17 80
4 6
3 20 37 50
4 7 30
4 15 34
3 9 71
1 14 58
4 19 88
2 20 69
2 6
13 25
2 8 69
1 10 36
1 17 72
1 19 71
2 8 32
2 13 78
3 7
1 13 18
2 13 38
3 6 52
1 6 56
3 11 90
1 16 76
2 10 66
3 14 46
3 10
5 11 25
3 12 66
1 5 77
1 7 37
2 6 50
2 16 73
2 14 50
3 15 95
1 19 54
3 12 98
1 8 38
4 3
2 6 9 14
1 7 46
3 19 44
1 11 88
1 6
15
1 17 100
1 8 94
1 11 53
1 7 86
1 4 62
1 20 90
2 10
12 29
2 8 42
1 15 56
2 12 61
2 1 88
1 1 87
1 6 72
2 14 64
2 18 54
2 18 59
2 9 56
5 1
3 22 25 30 47
5 16 53
5 3
10 29 44 46 46
2 20 47
4 7 73
5 6 83
2 2
5 14
1 12 60
2 19 88
4 6
10 29 48 55
3 16 38
3 3 83
2 3 52
2 19 42
1 17 74
4 16 68
1 6
20
1 4 57
1 7 81
1 14 93
1 6 96
1 8 65
1 13 83
2 3
5 13
2 3 48
1 13 43
1 7 52
5 6
8 12 23 40 58
5 14 81
2 20 36
3 19 98
1 15 87
4 19 84
3 5 78
2 10
7 18
1 16 50
1 19 91
2 7 64
2 11 78
1 1 43
2 13 70
2 4 50
1 11 75
2 13 70
2 13 43
2 9
8 25
1 6 53
2 18 49
1 1 65
1 7 31
1 11 53
1 19 38
2 7 100
1 19 82
2 12 44
1 1
3
1 10 53
4 2
16 23 37 38
1 5 39
4 16 43
1 6
9
1 17 80
1 5 93
1 18 32
1 7 90
1 7 51
1 3 89
1 3
6
1 6 90
1 8 54
1 15 35
2 6
13 33
2 5 72
1 13 52
2 13 42
2 17 62
1 12 41
1 9 96
3 2
2 3 19
2 1 43
2 11 95
2 3
3 8
1 13 59
2 19 50
2 6 79
1 7
1
1 4 52
1 8 97
1 20 45
1 19 98
1 20 96
1 20 82
1 17 60
1 5
9
1 19 44
1 5 64
1 5 51
1 17 71
1 2 86
2 2
8 28
2 15 65
2 7 69
1 3
20
1 5 60
1 1 36
1 2 66
1 5
10
1 6 80
1 13 47
1 3 97
1 3 67
1 10 54
5 7
6 26 44 53 66
1 17 64
2 10 51
2 3 51
4 16 34
3 2 60
2 14 62
1 14 73
1 10
19
1 3 64
1 9 75
1 18 52
1 5 93
1 15 46
1 16 46
1 17 60
1 11 74
1 11 67
1 3 100
2 3
19 23
1 19 78
1 9 69
2 10 99
1 2
15
1 19 31
1 17 87
1 8
3
1 11 79
1 4 84
1 14 32
1 16 65
1 10 46
1 20 90
1 9 47
1 5 88
5 4
17 23 34 42 52
2 14 96
2 9 88
3 1 37
4 13 96
4 10
5 25 43 45
3 4 49
2 10 53
3 20 36
4 16 98
1 19 70
1 10 55
1 15 65
2 15 88
1 10 84
1 8 80
2 2
5 13
2 7 76
2 6 80
5 2
8 11 24 40 40
5 10 49
4 13 83
1 10
7
1 5 36
1 6 64
1 9 56
1 18 97
1 9 42
1 6 81
1 17 73
1 10 76
1 14 57
1 16 45
5 7
6 18 19 19 37
1 2 82
2 7 88
2 2 93
1 8 77
5 14 31
2 15 46
3 4 63
1 2
15
1 14 73
1 18 55
3 3
6 20 20
1 11 43
1 11 52
1 2 39
1 6
2
1 16 50
1 18 73
1 9 47
1 19 96
1 5 63
1 15 72
5 1
4 9 17 17 25
1 10 69
2 4
1 6
1 11 88
2 15 99
1 16 82
2 20 86
5 3
2 3 14 29 42
2 14 37
1 2 58
2 10 79
1 9
9
1 3 92
1 1 72
1 1 83
1 1 60
1 7 52
1 15 100
1 20 93
1 9 62
1 6 77
5 8
17 22 40 48 56
4 14 70
3 13 53
1 10 64
1 20 85
2 13 91
4 9 97
3 2 32
2 16 98
1 3
20
1 9 95
1 18 51
1 3 66
4 5
19 31 42 62
4 15 98
4 11 97
1 9 74
2 18 84
3 10 39
5 8
1 8 12 25 45
4 10 35
2 7 76
2 5 55
5 5 46
5 17 42
2 3 90
5 6 66
2 3 55
4 2
2 17 18 23
2 9 73
1 10 93
5 10
3 21 37 42 51
2 11 63
3 16 57
2 11 38
5 20 61
1 18 98
2 17 49
3 16 100
3 19 92
2 6 56
1 20 85
5 5
7 9 26 44 53
1 4 75
5 18 55
1 9 75
1 17 94
5 19 83
1 3
20
1 17 34
1 20 91
1 13 94
3 1
10 20 28
3 20 43
4 4
19 39 40 49
4 11 55
1 14 72
1 19 68
2 4 43
5 5
5 7 22 38 43
3 1 76
2 4 85
3 9 74
1 16 49
1 18 45
1 10
5
1 15 79
1 15 34
1 11 33
1 18 30
1 5 87
1 4 76
1 4 65
1 17 64
1 18 95
1 2 81
1 8
19
1 20 83
1 16 94
1 18 49
1 9 39
1 4 73
1 4 66
1 1 97
1 4 36
2 5
12 31
2 14 53
1 14 45
2 17 51
1 2 80
2 12 37
3 5
14 29 38
3 13 60
1 19 36
1 19 35
3 15 37
2 15 87
5 6
5 20 23 24 29
3 11 73
5 13 62
2 9 87
4 20 92
3 11 47
4 8 88
1 1
2
1 20 62
2 3
13 14
2 20 60
1 1 72
2 15 46
3 6
5 6 23
2 14 93
3 13 34
2 5 72
2 20 69
2 3 45
3 12 37
5 4
15 15 20 22 29
5 17 59
5 2 77
5 6 95
3 14 37
4 9
6 11 21 37
1 7 47
3 7 89
1 15 59
1 11 51
3 4 86
2 17 36
1 3 72
1 16 72
3 1 40
2 4
15 24
1 8 83
2 20 68
1 3 62
2 10 75
2 2
2 15
1 1 75
1 3 43
5 3
15 34 48 57 74
5 19 65
2 1 55
3 20 96
4 5
3 20 25 45
2 18 80
3 14 91
3 14 94
2 18 56
4 9 82
2 2
11 21
2 6 58
1 14 43
2 7
4 6
2 2 79
1 7 35
1 5 73
1 20 30
1 19 71
2 6 75
2 9 95
2 9
8 12
1 20 50
2 10 95
1 7 78
1 4 72
1 5 52
1 15 39
1 2 73
2 16 55
1 7 39
4 1
1 12 26 32
2 17 87
1 3
16
1 11 48
1 5 76
1 4 71
3 9
19 33 50
1 15 87
3 11 90
3 6 63
1 9 58
1 2 85
3 10 69
1 8 49
2 9 47
1 1 66
2 3
20 23
1 17 56
1 2 47
2 13 83
3 9
20 31 40
1 9 64
3 17 100
3 9 59
3 18 57
3 20 49
2 20 82
2 14 95
1 8 75
2 16 67
4 2
12 27 31 32
4 14 94
2 6 34
3 7
3 7 10
3 13 87
2 15 72
1 12 52
3 13 93
3 12 81
1 5 78
2 3 34
1 1
8
1 6 71
5 2
3 5 12 22 37
4 1 80
1 11 41
2 6
6 7
2 17 49
1 15 75
2 12 51
2 20 39
2 7 87
1 12 51
4 2
12 31 50 70
4 8 38
3 8 36
1 1
6
1 18 84
3 1
18 35 44
2 18 93
5 6
19 39 42 57 68
1 16 65
5 8 87
4 3 93
3 3 77
2 19 31
4 11 87
5 5
17 29 31 41 52
4 13 45
5 14 32
1 2 65
4 5 79
1 4 86
2 2
11 27
1 3 45
1 11 86
5 4
5 8 12 20 36
2 18 80
5 10 44
4 4 94
1 8 41
4 6
3 10 21 30
1 18 82
2 20 40
3 17 48
2 14 43
2 13 80
4 15 99
4 7
11 21 32 32
2 5 92
1 12 52
2 20 31
1 13 68
1 19 31
2 10 53
1 16 82
4 8
4 14 30 37
1 7 80
4 11 82
2 15 53
4 7 61
4 18 43
3 10 64
3 3 40
1 1 61
5 5
10 28 47 60 61
1 14 41
5 17 89
3 17 65
1 8 98
2 5 31
1 2
4
1 12 43
1 19 36
1 5
16
1 19 90
1 19 57
1 15 87
1 14 66
1 5 86
4 8
10 25 43 58
1 15 78
3 3 68
1 1 85
2 8 88
1 5 93
4 2 40
4 13 80
3 7 88
3 4
13 23 42
1 3 99
3 8 54
1 14 36
1 9 37
4 2
5 5 22 30
3 17 56
1 15 79
1 3
17
1 15 42
1 16 45
1 13 63
3 9
19 32 40
2 10 71
1 15 92
1 15 88
2 20 50
3 6 53
1 7 37
2 14 62
2 12 61
2 20 74
3 3
5 20 31
1 12 71
2 17 94
2 2 77
1 2
11
1 15 53
1 20 36
1 5
6
1 19 63
1 16 86
1 13 100
1 16 52
1 18 44
2 9
17 36
1 20 63
2 18 62
2 9 74
1 1 83
1 20 78
1 7 61
2 2 95
1 12 74
1 16 46
3 7
9 15 27
1 12 66
3 7 77
2 1 73
2 5 67
2 13 58
3 1 74
1 12 67
2 3
15 26
2 10 46
1 8 96
2 3 93
3 7
16 21 28
2 6 60
1 20 45
2 16 84
3 4 62
2 7 79
3 5 54
3 9 73
2 4
16 26
2 12 71
2 20 64
1 16 52
1 15 53
1 2
16
1 3 74
1 1 34
3 2
20 23 37
3 11 81
1 4 73
2 4
20 38
1 2 82
2 13 92
1 3 54
2 16 82
3 10
20 26 32
1 13 81
1 20 49
1 2 31
2 6 80
1 14 47
2 18 70
3 5 49
2 19 37
3 6 74
2 20 34
2 1
15 24
1 11 69
1 6
19
1 9 52
1 3 38
1 11 95
1 10 74
1 15 44
1 14 95
1 9
5
1 8 54
1 9 85
1 15 96
1 11 81
1 6 34
1 18 84
1 2 64
1 12 80
1 9 87
3 5
3 7 13
2 6 94
3 4 97
2 17 53
1 7 37
2 12 58
1 5
11
1 6 50
1 2 60
1 8 47
1 18 81
1 2 34
2 9
3 6
1 12 95
2 17 60
1 15 30
1 14 70
1 12 93
1 20 31
1 16 41
1 2 33
2 8 67
4 1
6 25 45 46
3 15 39
3 5
10 23 43
3 1 86
1 3 71
2 10 97
2 5 45
1 14 56
5 3
5 23 29 39 52
5 10 52
1 15 37
4 5 50
1 10
6
1 15 72
1 16 31
1 1 81
1 9 64
1 5 62
1 19 49
1 14 52
1 11 68
1 4 87
1 3 95
3 8
10 17 35
3 20 71
3 18 81
3 19 33
1 9 52
2 19 31
3 14 65
3 16 60
3 5 30
1 10
9
1 19 40
1 11 50
1 3 46
1 17 76
1 1 62
1 17 85
1 10 41
1 10 52
1 8 91
1 11 66
4 3
7 27 36 40
2 8 64
3 7 95
4 1 95
2 10
12 17
1 4 55
2 9 80
1 15 88
2 2 96
1 8 39
1 17 50
1 9 43
2 8 62
1 1 90
1 20 84
4 7
1 14 21 35
4 20 65
1 18 34
2 15 98
2 14 81
3 19 45
3 19 94
2 16 30
1 10
8
1 9 47
1 7 58
1 13 95
1 18 80
1 2 43
1 13 78
1 3 95
1 4 53
1 2 34
1 3 94
1 4
15
1 3 83
1 3 100
1 19 84
1 4 41
3 7
19 39 52
1 10 62
3 20 58
3 13 62
3 7 61
2 16 86
2 6 98
3 2 47
2 8
15 30
2 16 63
1 19 59
2 10 73
1 6 90
2 8 92
1 20 41
1 9 41
2 8 72
2 5
16 32
2 14 97
1 4 45
1 1 92
1 6 65
2 11 52
2 1
19 38
1 17 62
4 9
16 22 33 36
4 1 33
4 9 56
2 15 54
2 12 47
3 18 79
1 5 51
2 13 99
3 10 55
1 9 63
3 8
2 6 13
3 9 67
3 17 84
1 8 53
2 1 46
1 10 42
1 10 90
2 17 50
2 6 34
3 2
16 18 26
3 16 63
3 10 32
5 4
11 24 35 43 54
5 16 50
2 17 33
1 2 67
3 2 30
2 10
12 30
2 17 77
1 9 69
1 16 41
1 11 32
1 18 64
1 13 97
1 10 87
2 18 72
2 17 84
2 20 37
3 6
19 37 51
1 9 84
3 11 79
1 17 60
1 15 74
3 7 34
2 18 84
3 8
13 22 38
2 1 60
1 19 63
2 20 100
3 17 91
1 16 71
1 10 67
1 2 83
2 13 58
2 5
1 13
2 12 83
1 16 74
1 15 85
2 3 47
1 17 94
1 2
6
1 17 72
1 5 80
1 9
18
1 9 49
1 14 62
1 2 70
1 19 37
1 20 66
1 4 74
1 14 83
1 1 83
1 6 62
4 6
13 14 18 22
1 13 100
1 15 54
3 1 47
4 11 88
3 11 50
4 2 91
2 5
5 5
1 16 74
2 4 79
2 5 53
2 5 57
2 1 81
4 10
6 15 32 50
4 13 56
3 2 92
3 20 66
2 11 38
2 15 98
3 4 71
2 5 58
4 12 72
3 14 57
1 8 87
4 5
12 17 21 31
4 8 43
4 18 52
2 3 62
4 4 90
4 5 91
3 3
18 35 47
3 12 70
3 8 67
3 5 36
4 9
11 29 32 36
3 2 30
3 20 41
1 12 90
2 11 77
4 20 88
4 20 42
1 3 80
1 13 62
1 7 42
5 2
17 31 34 35 54
1 20 93
1 12 98
1 5
13
1 9 42
1 6 45
1 10 41
1 11 45
1 9 56
5 9
8 9 19 34 45
2 11 86
3 5 55
3 1 72
2 15 69
2 20 72
4 18 47
2 8 83
2 4 60
2 10 39
4 9
10 24 38 56
1 7 96
1 14 71
3 7 31
2 8 53
3 2 93
2 5 71
3 19 56
2 10 88
4 6 44
4 1
7 7 17 28
4 3 86
4 6
1 4 17 17
2 6 62
3 8 57
3 10 85
4 2 99
4 6 83
1 8 58
4 5
19 25 25 29
1 17 54
3 7 83
1 12 59
1 3 92
3 9 92
2 2
3 21
1 1 35
1 9 66
5 6
13 27 47 49 55
5 4 62
3 7 46
3 3 68
3 20 68
4 1 65
3 15 79
4 3
13 18 22 26
2 10 43
4 8 95
3 19 99
1 8
6
1 6 87
1 9 43
1 12 49
1 1 57
1 5 55
1 16 47
1 10 95
1 3 47
5 9
13 22 37 48 48
1 2 98
1 13 63
2 4 90
4 12 40
2 10 81
4 9 33
2 6 83
5 11 53
5 5 74
2 3
16 24
2 6 92
2 20 56
2 4 80
4 7
15 15 20 29
4 19 84
1 9 45
3 3 46
4 15 74
2 18 60
2 7 64
2 1 83
2 4
12 19
2 16 56
2 5 93
2 13 51
1 18 48
2 6
12 31
1 19 61
1 9 75
1 13 89
1 18 87
2 13 42
1 5 99
1 10
14
1 11 64
1 13 98
1 20 100
1 16 92
1 2 62
1 10 53
1 17 34
1 5 31
1 14 33
1 18 47
3 8
14 23 38
1 6 73
1 19 71
3 20 97
2 19 68
3 11 43
1 12 89
3 15 91
1 17 53
4 5
12 28 44 64
2 13 40
4 8 80
1 9 71
1 2 98
4 14 61
1 5
3
1 18 73
1 12 48
1 9 84
1 12 33
1 1 53
2 1
15 18
1 11 74
1 6
10
1 20 57
1 4 58
1 16 77
1 3 53
1 14 64
1 12 73
2 1
15 16
2 8 33
2 6
12 24
2 12 38
1 3 74
1 4 62
2 20 58
2 9 61
2 4 56
3 1
18 28 47
3 12 84
5 10
8 20 36 51 52
5 5 31
5 1 49
3 15 60
5 20 53
4 15 72
1 11 43
5 20 45
5 2 73
3 8 66
4 4 58
2 5
3 8
1 15 99
2 20 96
2 19 92
2 16 65
1 20 64
1 8
1
1 13 54
1 8 39
1 11 36
1 20 45
1 17 57
1 6 98
1 3 44
1 5 77
1 3
8
1 18 36
1 18 71
1 10 69
3 1
4 11 19
3 18 70
5 2
6 11 19 32 47
1 11 94
5 14 74
2 3
17 17
2 8 43
1 18 60
1 3 49
2 5
2 20
1 9 88
2 2 72
2 14 99
1 13 98
1 11 40
1 10
11
1 4 87
1 9 71
1 7 73
1 19 73
1 17 63
1 9 43
1 6 84
1 3 38
1 16 30
1 10 53
3 8
18 22 34
1 9 36
2 11 59
3 4 65
1 5 99
2 2 85
1 16 37
1 12 44
1 7 93
5 9
18 37 39 53 54
3 16 72
5 13 32
2 9 79
1 12 69
3 15 62
4 18 34
2 18 82
4 16 71
5 14 73
5 9
11 29 39 40 40
5 16 34
3 6 59
2 18 68
4 6 63
4 2 50
1 16 33
2 2 74
2 2 72
2 18 69
3 2
3 4 9
3 2 36
3 18 64
4 1
10 30 47 48
3 7 54
5 6
15 20 29 32 50
1 14 75
3 2 58
3 17 50
4 16 91
3 18 71
1 7 43
4 4
14 24 35 37
2 8 56
2 4 48
2 9 46
3 7 74
5 1
13 23 43 63 77
2 19 66
4 6
2 3 4 18
2 18 90
1 19 49
3 5 91
2 1 40
1 3 88
1 6 85
3 6
6 25 42
2 1 70
1 19 42
2 19 35
2 14 53
1 13 65
1 15 69
4 7
8 11 17 31
2 6 50
1 2 87
1 1 62
4 19 40
3 14 100
2 1 63
1 13 81
5 8
20 22 23 42 43
2 14 79
3 18 62
1 11 66
3 18 34
3 17 88
4 19 81
4 6 80
3 4 50
1 4
8
1 16 83
1 18 35
1 10 46
1 13 80
4 1
9 16 25 43
2 19 40
5 8
2 16 28 42 50
2 8 33
3 18 49
4 5 52
5 15 80
1 12 82
5 11 80
3 16 51
3 9 57
4 4
20 21 36 39
4 10 38
4 7 91
2 19 37
2 15 82
3 9
7 17 35
3 4 30
3 2 97
2 17 66
2 6 77
1 1 88
1 6 66
3 12 34
1 1 36
2 10 70
5 8
11 27 47 50 57
3 15 43
4 4 51
2 15 35
1 6 37
3 16 80
2 3 58
5 4 62
3 13 92
1 1
13
1 15 89
2 3
4 16
2 14 78
1 19 58
2 9 76
1 10
18
1 11 89
1 20 86
1 14 47
1 7 37
1 20 79
1 17 100
1 9 59
1 9 71
1 9 55
1 18 71
1 7
19
1 20 92
1 18 80
1 17 53
1 7 44
1 5 71
1 16 83
1 18 62
2 10
15 26
2 1 94
2 5 32
2 12 45
2 10 36
1 8 71
1 8 98
1 1 50
2 15 31
1 16 35
1 15 64
3 5
18 23 32
2 13 53
2 9 91
3 15 40
1 13 32
1 7 67
1 5
16
1 19 68
1 5 54
1 19 92
1 2 61
1 14 80
3 10
12 15 23
3 9 87
3 4 32
3 9 39
3 19 55
1 19 71
3 8 38
1 15 89
2 5 70
1 4 76
3 10 62
3 1
6 7 27
3 15 64
1 5
10
1 20 50
1 1 78
1 16 94
1 1 72
1 1 76
5 10
7 9 23 27 36
4 9 81
2 20 76
4 12 69
3 3 44
2 8 82
4 17 91
4 4 77
2 7 51
2 16 47
5 16 54
3 2
9 14 25
3 11 83
1 6 59
1 5
10
1 13 61
1 19 54
1 18 38
1 7 88
1 20 34
3 2
18 19 36
1 14 88
3 2 78
5 3
4 18 30 45 54
5 12 38
4 7 87
4 5 65
1 4
16
1 11 37
1 3 75
1 5 61
1 1 50
3 4
2 2 14
2 9 42
3 12 52
1 12 47
3 4 33
5 7
17 30 38 43 52
2 2 82
3 12 51
1 1 88
3 15 90
5 17 93
2 17 43
5 18 38
4 1
19 23 39 52
1 3 75
1 5
1
1 19 89
1 15 67
1 10 44
1 15 91
1 1 43
4 9
12 13 33 51
2 5 51
4 11 78
4 1 76
4 2 86
3 19 43
2 12 62
2 7 46
3 3 30
3 18 38
5 6
13 17 19 30 50
1 5 92
5 10 30
1 12 35
2 4 69
5 9 85
1 16 72
1 5
4
1 10 81
1 19 92
1 4 46
1 15 50
1 18 60
4 2
6 19 28 28
2 4 51
2 2 95
3 10
11 27 46
2 14 69
1 11 60
1 15 66
1 19 91
3 13 36
1 17 79
3 16 69
2 14 72
2 10 61
1 15 71
1 3
18
1 9 41
1 1 80
1 17 48
3 10
12 24 44
3 3 97
1 10 83
3 19 47
2 2 59
1 2 48
2 13 81
3 8 81
1 18 43
1 13 40
3 8 31
4 3
10 30 31 49
1 16 53
3 3 84
4 4 87
2 10
15 29
1 15 55
1 18 35
1 16 41
1 10 76
1 19 52
2 17 36
2 18 50
2 18 56
1 15 97
2 17 30
3 9
1 15 31
3 2 77
1 5 95
1 14 98
1 11 58
2 9 64
2 15 87
3 1 43
2 19 39
3 13 85
1 9
17
1 10 86
1 10 55
1 16 45
1 7 69
1 8 33
1 14 52
1 17 49
1 4 33
1 8 48
2 7
9 26
2 14 82
2 14 80
1 9 76
2 2 90
1 3 59
2 7 94
2 6 33
4 3
17 31 36 40
4 15 89
3 5 80
3 2 98
4 8
8 11 28 29
4 2 86
3 4 57
1 8 38
4 14 51
4 12 73
3 13 74
1 9 59
1 20 58
2 6
10 13
2 2 61
2 18 94
1 1 80
2 2 98
2 14 75
1 15 99
5 9
20 39 57 70 82
1 12 35
5 20 60
3 3 49
4 14 68
4 12 100
2 10 61
2 16 30
4 14 45
5 1 78
2 2
3 18
2 5 98
2 5 54
5 7
20 27 42 61 81
3 4 90
1 11 52
2 15 62
2 14 64
2 15 91
3 18 51
5 11 58
4 4
14 23 36 43
3 13 100
1 3 85
3 16 90
1 17 48
2 8
4 8
1 6 35
2 10 66
2 16 74
1 2 83
2 11 47
2 18 67
1 3 36
1 6 85
4 3
11 30 31 33
2 18 97
3 11 45
3 19 62
1 4
7
1 12 77
1 20 34
1 14 95
1 20 73
2 6
13 29
2 9 62
2 8 74
2 17 48
2 2 76
2 19 50
1 20 69
3 5
6 18 32
1 16 93
2 19 62
1 7 88
3 7 45
2 1 68
4 6
1 12 24 26
2 4 62
3 9 94
2 1 52
3 2 46
2 7 34
3 9 36
5 3
8 26 43 62 66
4 7 72
1 12 34
1 14 86
5 5
16 35 38 45 50
3 14 72
2 6 82
2 13 97
5 11 36
3 2 59
1 9
4
1 15 36
1 11 54
1 20 91
1 7 84
1 9 58
1 17 54
1 17 75
1 20 37
1 18 45
4 10
11 17 36 37
3 12 92
1 12 36
2 5 61
1 6 71
3 12 34
2 3 64
3 3 96
2 5 97
3 17 88
1 5 86
5 10
15 27 30 45 50
2 15 95
3 10 53
1 9 66
2 9 42
4 1 81
2 13 84
1 4 53
3 2 54
2 5 58
1 1 39
2 5
14 23
1 2 68
1 12 36
1 6 33
2 17 32
1 4 60
1 9
20
1 17 76
1 8 56
1 15 96
1 12 72
1 14 71
1 17 42
1 18 57
1 19 60
1 2 51
2 5
18 33
1 19 39
2 7 93
1 14 35
1 9 34
1 5 75
4 3
5 9 9 11
2 14 98
2 20 72
3 15 38
5 10
18 37 54 56 59
2 18 59
4 13 44
4 9 37
3 17 37
3 13 61
3 6 46
2 6 35
5 17 66
5 14 33
5 13 84
2 2
17 20
2 12 83
2 14 94
5 2
17 29 33 41 50
3 3 84
2 10 40
1 2
7
1 8 98
1 12 84
2 5
3 6
2 15 56
1 12 79
1 12 48
1 8 70
2 7 87
2 1
8 16
2 13 73
1 2
20
1 20 100
1 18 64
1 7
9
1 12 97
1 10 99
1 1 69
1 12 74
1 16 32
1 1 92
1 20 95
2 1
17 27
1 16 95
4 9
13 19 34 37
4 1 74
2 8 74
3 20 69
3 1 73
2 19 51
2 18 74
2 8 86
4 12 86
2 1 58
2 7
15 29
1 1 52
2 20 57
1 10 87
1 5 59
1 12 97
1 5 42
2 13 84
3 8
8 12 23
2 6 35
1 3 90
2 12 65
3 2 91
1 15 50
2 16 75
1 19 100
1 11 58
2 8
15 16
1 18 84
2 13 51
2 20 75
2 7 94
2 11 66
2 13 84
2 11 90
1 10 70
5 10
16 29 29 32 39
5 11 71
5 1 84
2 3 37
3 16 43
4 13 56
4 7 60
4 8 50
4 5 81
2 7 75
2 15 77
3 8
20 25 26
1 20 78
2 14 81
3 10 90
3 1 50
1 1 80
2 13 69
1 12 94
2 17 67
1 2
17
1 11 89
1 9 74
5 4
17 26 38 44 54
1 13 44
1 4 53
4 6 77
2 20 73
2 1
13 19
2 7 57
1 1
10
1 15 41
5 3
5 6 26 40 59
1 6 50
4 9 55
2 8 59
5 5
9 15 32 35 52
4 10 82
3 2 43
4 6 41
1 15 88
1 9 35
2 3
16 34
1 2 51
1 16 83
1 8 53
4 4
4 7 18 35
4 20 65
2 11 36
2 6 90
3 11 71
3 3
2 7 17
2 6 69
3 6 67
1 1 91
1 4
10
1 17 69
1 8 45
1 3 81
1 16 60
5 2
17 18 21 39 42
1 8 39
1 11 90
2 4
13 25
1 3 76
2 17 86
2 1 31
2 6 95
5 7
4 6 16 19 22
5 10 70
2 18 88
1 14 63
3 20 58
2 15 31
3 8 41
3 20 30
2 10
5 14
2 7 87
2 9 66
2 19 90
1 12 49
2 1 38
1 11 89
1 7 77
2 12 52
1 12 83
2 15 56
2 8
20 22
1 9 77
1 16 33
1 11 34
2 19 77
1 4 54
1 13 67
1 19 88
2 16 51
4 2
6 20 36 39
4 11 66
2 12 91
2 3
3 14
1 4 98
2 6 75
2 20 92
4 6
2 6 15 21
4 16 44
4 1 60
1 4 91
3 13 90
2 1 65
1 12 45
1 7
12
1 8 44
1 6 44
1 17 74
1 14 77
1 8 67
1 16 85
1 20 36
2 1
20 21
1 11 34
5 7
18 29 49 52 66
5 14 33
2 6 84
5 9 94
3 9 79
5 14 97
1 14 84
3 6 45
3 8
20 36 44
2 20 31
2 1 84
1 5 48
3 20 58
3 4 68
3 19 80
3 4 35
1 10 34
4 7
8 20 33 39
2 17 75
1 11 72
2 5 43
3 20 86
4 20 85
2 3 81
3 8 35
2 1
16 25
1 13 39
1 10
6
1 6 49
1 10 73
1 20 57
1 20 73
1 12 32
1 20 75
1 19 30
1 6 56
1 1 91
1 6 78
2 8
15 16
1 5 33
1 10 99
2 10 53
2 4 58
1 3 76
2 14 99
2 14 82
1 12 55
3 4
8 17 23
1 6 92
3 16 51
3 18 51
1 8 34
5 5
14 26 30 50 52
3 17 79
4 13 69
3 9 98
5 6 59
3 20 46
2 4
16 28
2 12 95
1 3 84
1 11 41
1 2 30
1 3
5
1 20 64
1 12 95
1 9 54
4 1
16 34 37 43
1 5 44
5 1
14 27 30 35 38
2 11 96
2 6
7 20
2 3 46
1 13 90
2 11 70
1 2 62
2 13 72
1 6 63
5 3
5 6 22 24 35
4 6 38
5 3 89
3 2 61
2 8
10 30
1 2 94
1 17 98
1 13 76
1 14 74
2 5 58
2 4 51
2 7 36
1 16 33
1 4
8
1 6 71
1 8 94
1 8 88
1 1 61
5 4
8 8 15 28 32
5 1 67
4 8 40
4 14 75
1 13 43
5 6
17 23 40 53 60
2 2 89
1 7 71
1 3 42
2 10 42
5 17 99
4 9 96
3 10
12 16 28
2 11 53
1 20 44
2 15 76
3 19 62
2 17 38
1 10 59
2 5 81
2 13 49
2 5 94
3 2 98
4 7
14 15 17 31
1 3 45
4 10 81
3 20 48
1 16 35
4 18 52
4 2 41
4 1 96
1 2
4
1 12 87
1 20 51
2 9
3 7
2 15 59
2 7 31
1 7 80
2 5 65
1 5 80
2 6 84
1 20 53
2 20 94
1 7 30
1 3
3
1 2 72
1 13 66
1 17 47
5 6
18 29 44 46 66
4 19 68
5 10 79
5 10 48
4 1 81
3 6 34
4 6 34
2 10
1 21
2 11 66
1 8 44
2 20 75
1 18 56
2 17 88
2 13 42
1 1 60
2 4 74
1 18 30
2 10 31
5 8
5 7 19 19 28
4 17 59
4 12 79
1 16 37
1 14 43
5 19 82
1 9 71
5 19 63
5 14 80
5 6
13 31 40 43 56
1 3 65
3 5 88
5 13 40
1 14 54
5 9 64
2 1 45
5 7
14 25 45 59 79
1 4 57
4 1 38
5 10 39
1 16 34
4 3 57
5 3 75
5 11 61
2 8
7 12
2 18 74
2 17 63
2 5 53
2 8 92
2 8 66
2 9 98
1 2 70
2 20 80
3 4
20 35 51
1 3 93
1 16 87
2 5 75
3 16 63
5 1
13 31 50 55 63
3 4 62
2 5
10 30
2 20 93
2 10 47
2 7 94
2 15 40
2 20 86
2 1
1 10
2 19 57
2 8
15 28
2 15 62
1 16 76
1 11 75
1 3 42
2 14 38
1 8 54
2 18 91
2 11 88
5 9
6 10 13 25 32
5 9 84
5 15 37
1 18 56
3 18 94
4 15 59
3 11 30
1 9 90
3 17 100
3 18 85
5 2
8 27 28 40 58
4 1 56
2 19 61
5 5
15 23 31 49 60
3 4 73
3 9 31
1 10 95
4 14 80
4 9 95
1 8
10
1 9 93
1 20 42
1 20 39
1 15 79
1 3 81
1 5 71
1 13 92
1 12 70
5 1
19 24 35 36 54
5 12 69
5 8
18 34 40 43 54
2 17 42
3 7 83
5 6 90
5 16 36
2 19 63
3 9 47
5 4 90
4 2 77
1 2
11
1 11 32
1 11 83
3 4
16 18 35
3 17 50
2 7 65
3 3 51
1 10 90
2 3
9 20
2 14 78
2 14 47
1 7 50
5 4
11 16 18 27 36
3 1 99
2 4 32
5 5 50
1 14 62
2 3
5 17
2 19 54
2 7 61
2 19 36
5 2
9 20 31 48 56
4 2 75
3 1 56
4 3
1 16 33 41
3 16 60
4 12 43
3 13 70
1 4
20
1 1 94
1 14 46
1 15 63
1 15 79
1 7
8
1 18 75
1 19 39
1 7 79
1 4 59
1 8 31
1 3 65
1 6 92
2 3
8 16
1 13 30
2 1 80
2 4 67
4 4
2 12 29 38
3 16 59
1 7 70
4 6 46
1 6 62
4 8
13 26 32 32
2 9 59
4 11 92
3 13 88
4 9 60
4 15 85
3 10 95
4 1 83
2 16 78
5 4
18 30 47 57 60
1 8 92
1 2 38
3 18 89
3 20 42
2 6
7 27
1 1 65
2 3 100
2 10 73
1 3 64
2 10 82
1 13 55
2 4
19 22
2 7 86
2 4 66
2 1 77
2 11 95
2 7
16 17
2 18 48
1 4 31
1 10 64
2 18 52
2 14 71
1 17 86
2 5 82
5 8
2 4 22 22 40
1 2 42
2 6 56
4 13 98
3 9 53
4 16 67
2 15 71
1 15 76
4 10 96
1 4
18
1 4 63
1 9 90
1 3 32
1 20 96
2 1
7 12
2 10 51
4 8
12 19 36 41
3 5 82
3 15 73
2 11 44
4 7 91
2 7 50
2 7 96
2 8 64
3 7 74
2 2
9 9
2 8 44
2 8 58
2 4
8 21
1 8 31
1 13 41
2 19 78
1 15 74
4 6
14 33 40 47
3 4 59
4 15 64
3 1 82
2 7 38
4 1 100
2 2 83
5 2
1 20 20 26 42
3 6 77
5 4 93
5 5
9 9 20 35 49
3 18 78
3 4 81
1 14 71
5 9 50
3 20 48
4 4
15 32 51 61
4 5 45
4 1 43
3 13 44
3 8 66
5 2
4 6 11 25 35
2 17 90
3 13 33
3 10
5 24 35
3 7 44
1 18 31
1 10 74
2 5 79
1 19 89
1 7 61
2 11 66
2 18 37
2 4 77
3 9 95
2 3
11 23
2 8 85
2 12 47
2 5 56
3 3
9 22 30
1 3 67
3 15 35
1 14 86
5 2
9 23 34 35 50
4 1 57
2 4 38
5 4
2 3 12 16 25
5 9 55
5 1 47
5 13 78
2 6 69
5 7
2 21 31 31 50
5 7 44
2 13 36
2 2 92
1 9 70
2 20 71
5 11 81
5 16 85
5 6
18 19 33 33 40
4 16 92
5 19 96
5 2 56
4 18 37
4 9 47
4 18 94
4 4
11 12 16 31
2 12 40
4 8 73
4 14 63
4 9 30
2 10
18 31
1 1 70
1 20 33
1 6 31
2 14 100
2 19 69
1 8 96
1 10 92
2 9 67
1 20 93
2 9 73
3 8
16 30 45
3 15 60
1 6 80
2 4 72
1 10 90
1 8 95
3 8 100
3 18 68
3 18 38
5 6
15 29 29 45 52
1 5 51
4 6 76
5 5 35
5 2 66
4 3 79
1 20 94
3 2
9 24 36
2 3 89
1 9 67
4 8
2 2 8 19
2 2 58
2 10 42
1 7 33
3 15 99
1 7 99
1 9 47
1 17 87
4 18 58
1 7
5
1 17 50
1 15 67
1 19 51
1 20 37
1 20 59
1 6 58
1 11 100
4 9
1 8 22 23
4 16 76
2 13 54
3 15 52
3 7 42
1 11 83
4 4 32
4 19 64
2 1 100
1 13 71
2 4
4 17
2 5 90
1 5 78
2 16 37
1 9 41
5 5
12 27 28 36 42
1 10 68
1 14 40
4 5 40
2 6 39
5 9 56
1 4
6
1 16 71
1 20 76
1 1 66
1 16 83
2 9
14 27
2 19 54
2 3 94
2 6 47
1 1 58
1 10 51
1 19 75
2 3 82
1 20 35
1 4 70
5 6
18 24 37 42 59
3 8 77
3 18 74
4 1 33
4 3 63
4 18 95
2 15 51
2 6
1 6
1 20 85
1 6 85
1 1 50
1 16 95
2 17 71
2 13 42
1 4
1
1 18 88
1 17 97
1 9 53
1 14 85
1 10
5
1 5 36
1 4 56
1 19 60
1 11 80
1 20 79
1 19 37
1 19 88
1 11 86
1 18 82
1 2 64
5 6
9 22 25 36 49
4 19 94
2 16 85
1 7 42
1 12 32
5 18 79
1 13 59
3 6
3 15 32
3 9 70
2 15 42
3 6 86
3 8 88
2 11 84
1 8 71
4 5
7 14 33 50
4 9 72
3 7 39
3 6 75
2 14 52
4 5 84
3 5
4 23 30
2 8 52
1 13 96
2 19 81
3 14 48
1 6 89
4 1
20 38 58 59
4 15 52
1 2
4
1 15 42
1 12 81
1 8
9
1 5 92
1 12 47
1 8 60
1 9 48
1 9 51
1 10 88
1 9 61
1 17 98
2 1
8 15
2 1 59
2 1
15 30
2 10 33
5 6
7 23 24 42 51
5 18 78
5 5 74
1 8 53
3 15 72
2 10 72
2 10 30
2 8
15 34
2 2 70
1 9 30
1 16 70
2 10 41
1 12 60
2 9 85
1 4 76
1 6 41
4 5
15 35 42 44
3 3 49
2 8 81
3 18 48
4 15 38
2 16 100
5 3
20 28 39 56 66
3 1 49
1 6 89
5 14 100
5 2
16 23 30 45 58
2 4 56
4 5 53
3 6
16 16 17
1 18 98
1 12 72
1 9 57
3 17 89
1 14 84
3 17 91
4 8
6 6 8 26
3 14 45
3 3 98
1 10 52
1 13 45
1 20 33
1 4 44
4 16 84
3 12 89
5 10
14 19 26 26 26
4 9 89
2 7 53
4 10 82
4 8 58
4 1 36
2 5 98
2 10 44
1 2 78
1 17 57
1 1 38
4 2
16 36 49 64
4 11 35
3 1 33
4 5
14 27 47 62
3 6 78
3 15 46
2 6 40
4 20 77
4 1 91
3 1
18 36 43
1 18 68
2 7
7 20
1 16 85
1 1 93
2 4 62
2 6 69
1 19 86
1 11 47
1 13 37
2 6
7 14
2 4 30
2 14 65
1 14 87
1 17 95
2 10 37
2 2 51
2 8
20 30
1 18 79
1 11 82
1 9 89
1 19 48
2 1 62
1 4 88
1 10 66
2 4 31
4 7
14 29 49 52
3 3 69
4 9 75
3 10 75
3 9 98
2 10 98
2 16 51
2 6 74
1 5
11
1 10 37
1 15 54
1 8 90
1 3 33
1 6 33
5 3
13 27 43 62 74
4 3 50
3 5 99
1 19 42
3 3
3 17 27
2 13 66
2 1 96
2 1 68
4 5
6 13 20 39
3 6 68
4 20 91
3 9 92
4 18 69
1 12 54
4 4
13 13 22 26
3 8 85
1 2 99
3 12 79
1 15 50
1 10
9
1 8 94
1 8 78
1 18 67
1 15 95
1 1 37
1 1 55
1 10 42
1 18 40
1 3 31
1 12 45
2 2
14 32
2 18 88
2 1 51
1 2
18
1 16 66
1 18 71
1 6
6
1 11 90
1 11 31
1 13 86
1 18 79
1 6 84
1 1 92
3 6
20 36 39
1 15 61
1 13 95
2 2 37
1 10 75
2 4 76
2 13 30
5 10
8 18 36 55 63
1 13 38
1 14 31
2 5 89
3 3 76
5 2 33
5 1 35
5 10 71
2 6 80
5 5 55
1 13 71
1 8
2
1 5 85
1 17 53
1 2 76
1 19 40
1 8 71
1 10 41
1 10 97
1 7 58
2 8
7 15
1 3 95
2 7 71
2 4 85
2 12 82
2 4 98
1 5 63
1 16 32
2 7 54
3 4
13 17 27
3 19 88
1 16 70
2 4 88
1 8 77
1 9
10
1 18 63
1 17 93
1 18 40
1 4 68
1 8 60
1 18 57
1 10 73
1 2 81
1 2 81
2 3
19 31
1 1 69
2 20 95
2 1 90
1 9
1
1 6 71
1 8 47
1 2 59
1 20 95
1 13 69
1 9 44
1 18 77
1 11 70
1 19 62
5 3
11 18 28 44 59
4 14 93
4 15 93
2 19 56
3 9
18 18 26
1 18 34
2 12 76
3 18 67
3 9 51
1 6 44
1 2 49
3 5 47
3 10 95
3 5 92
2 3
20 38
2 19 70
2 2 40
1 4 72
2 7
14 21
1 3 92
2 4 51
2 19 49
2 20 94
2 12 95
2 14 34
1 4 37
1 5
4
1 16 93
1 4 45
1 10 64
1 16 86
1 2 45
5 2
19 20 23 26 40
2 13 84
1 12 59
5 1
4 10 16 21 37
2 12 37
2 9
14 34
1 13 38
2 13 40
1 5 41
1 8 55
2 7 30
1 20 78
1 9 77
1 3 68
1 6 52
1 10
2
1 16 83
1 3 35
1 13 65
1 14 38
1 16 89
1 9 39
1 14 69
1 7 30
1 18 36
1 6 43
3 2
3 13 23
3 6 48
2 4 44
5 1
15 26 29 44 61
1 20 91
1 10
15
1 7 43
1 10 40
1 11 39
1 19 61
1 4 30
1 3 78
1 12 84
1 13 88
1 20 60
1 5 69
2 7
19 19
2 15 48
2 17 52
2 1 97
2 17 37
1 3 72
2 15 83
2 8 60
4 9
15 34 37 51
3 8 50
2 8 36
4 9 42
1 8 80
1 4 35
2 15 44
2 5 79
4 19 49
3 9 100
1 5
13
1 7 39
1 10 99
1 8 32
1 13 58
1 3 87
1 4
14
1 4 77
1 12 100
1 3 80
1 1 81
5 2
13 26 38 38 45
4 11 60
2 5 61
2 10
14 19
1 16 33
1 12 52
2 5 81
2 14 51
1 7 45
1 2 67
2 19 82
2 6 31
1 18 41
2 10 73
4 1
15 22 27 28
3 9 60
1 7
13
1 18 46
1 13 71
1 11 55
1 2 56
1 6 66
1 19 65
1 17 61
4 8
15 25 31 33
4 7 38
1 2 94
1 14 47
3 8 52
4 15 53
2 19 89
1 19 75
4 11 45
5 9
1 12 21 24 32
3 9 81
3 2 32
1 14 50
1 3 70
4 2 88
1 1 65
2 6 72
3 9 38
1 5 81
3 8
3 18 27
1 3 75
3 11 93
2 12 97
1 11 68
2 13 94
1 4 49
1 12 36
3 9 70
5 1
15 32 47 53 69
4 7 68
1 7
18
1 8 96
1 9 55
1 19 98
1 17 30
1 10 66
1 9 88
1 5 87
3 8
19 36 50
3 2 53
1 5 30
1 11 70
1 14 44
2 1 40
2 10 44
2 10 81
2 10 84
3 10
6 23 24
1 17 72
2 5 32
1 18 77
2 17 49
2 5 89
1 18 47
2 12 57
3 13 93
3 1 61
2 3 93
4 9
6 13 22 29
2 3 85
1 5 59
2 9 31
2 11 83
2 7 57
3 13 94
4 9 94
4 18 51
3 19 64
5 6
10 20 20 40 51
4 20 59
5 7 95
3 3 95
4 14 44
3 20 40
2 18 93
1 1
6
1 19 68
4 1
13 19 32 46
3 8 96
2 6
8 18
1 19 100
2 3 31
2 5 85
2 12 86
2 6 70
1 9 60
3 3
1 7 18
1 14 36
1 1 94
2 1 71
5 3
2 13 25 43 54
1 1 65
3 3 71
1 7 40
3 5
7 7 24
2 6 36
2 1 53
1 19 86
3 12 39
1 11 78
5 4
14 22 39 48 64
2 5 92
1 18 64
3 7 94
5 16 78
1 10
19
1 16 35
1 14 66
1 13 97
1 4 76
1 4 50
1 16 42
1 2 97
1 3 86
1 4 83
1 3 69
3 6
19 20 40
1 19 92
3 15 49
1 16 34
3 9 32
1 13 67
3 17 71
5 8
12 18 24 24 32
3 6 94
5 6 30
3 15 85
1 13 48
5 3 74
1 9 86
4 3 61
2 8 98
2 6
14 28
2 15 93
1 14 48
1 4 90
2 13 94
2 6 48
1 16 51
1 2
4
1 3 95
1 18 93
5 3
3 4 14 25 36
3 5 70
4 15 34
2 2 44
4 2
13 27 39 49
4 20 95
3 10 100
2 5
14 27
2 2 48
1 6 48
1 14 76
1 10 42
2 1 77
3 8
5 22 30
3 17 76
3 1 71
2 13 54
3 13 89
3 10 36
3 3 59
3 16 66
3 4 74
2 3
12 21
1 20 93
1 14 50
2 12 56
5 7
2 3 8 17 31
3 4 57
1 15 68
3 11 46
3 16 36
3 15 55
1 18 89
1 15 80
2 6
7 17
2 17 100
2 9 63
2 5 65
1 3 96
2 19 50
1 19 98
4 6
18 18 26 37
2 20 32
4 18 69
4 15 91
1 16 90
3 2 99
3 14 97
5 8
6 16 22 30 40
4 3 46
1 20 33
4 20 67
3 16 86
1 10 30
3 15 100
5 6 56
3 7 44
5 4
14 24 31 37 57
5 1 87
2 9 30
3 19 96
4 16 93
4 1
14 20 20 30
3 1 50
2 9
15 18
1 7 64
2 13 86
2 1 58
2 19 82
2 17 39
1 14 30
1 11 32
1 2 68
2 14 81
4 4
18 37 54 67
2 15 78
2 5 73
4 8 71
4 16 35
3 3
15 16 22
1 17 91
2 6 69
3 19 38
2 8
7 7
1 8 84
2 18 85
2 19 57
2 13 93
1 18 54
1 7 82
1 8 90
1 4 73
4 1
1 18 35 37
4 7 46
3 3
1 4 13
3 16 99
1 3 43
2 3 58
4 8
6 16 16 34
3 20 75
4 18 41
1 8 43
3 12 42
2 1 96
2 14 51
3 20 86
3 18 47
5 9
19 31 51 55 60
5 13 98
4 10 54
5 13 57
4 15 96
5 8 80
4 14 53
4 6 48
5 4 79
1 6 92
4 3
18 22 32 39
2 13 87
4 9 56
1 18 94
4 5
7 15 34 41
3 13 54
1 6 61
2 13 84
1 9 53
2 11 32
1 3
15
1 1 34
1 5 84
1 20 79
2 2
2 20
2 18 40
2 10 32
1 6
1
1 6 60
1 8 60
1 14 91
1 18 73
1 2 54
1 2 50
2 2
11 18
1 19 43
2 6 57
2 7
6 13
2 19 97
2 11 100
2 6 43
1 13 51
2 17 71
1 5 83
1 5 89
3 8
5 19 26
1 11 96
3 20 71
3 12 83
2 3 59
2 2 30
1 17 70
2 8 83
1 6 98
5 3
11 24 34 42 43
5 5 97
4 10 61
5 1 87
5 3
5 23 38 52 72
2 6 74
5 13 63
1 8 93
1 3
11
1 12 59
1 13 31
1 19 66
5 6
2 20 39 49 59
3 19 59
1 17 79
2 2 84
5 2 47
1 10 62
3 14 50
1 4
5
1 18 36
1 18 32
1 20 91
1 8 35
4 5
12 23 28 33
2 14 42
1 12 50
4 2 30
2 4 58
2 16 77
3 4
3 23 26
3 9 81
3 17 92
1 5 88
2 1 78
1 6
12
1 18 75
1 20 94
1 19 95
1 11 41
1 1 60
1 7 69
2 1
12 30
1 5 98
5 10
11 31 37 43 43
3 1 70
1 16 37
2 9 40
1 9 99
5 17 90
1 2 46
4 14 41
1 1 100
4 13 93
1 2 38
3 1
7 26 44
2 12 89
1 5
6
1 2 39
1 3 87
1 3 50
1 13 32
1 3 90
4 1
12 18 24 27
4 10 37
2 1
8 14
1 14 39
4 6
11 31 34 41
3 17 91
4 19 45
4 11 90
2 5 59
4 5 100
2 8 91
5 3
13 26 31 34 41
1 14 79
5 11 37
1 15 35
1 6
8
1 16 83
1 8 38
1 16 93
1 20 35
1 3 96
1 10 72
3 10
18 25 43
1 3 46
2 7 74
1 8 84
2 8 36
1 6 45
1 14 43
1 13 93
1 4 89
1 17 71
3 5 60
5 8
15 15 25 32 39
5 10 44
3 19 30
1 17 82
1 10 48
3 4 93
4 4 37
3 6 97
2 6 53
5 7
10 12 20 32 38
1 1 42
1 16 65
3 4 33
2 20 41
3 6 66
1 3 78
1 13 84
1 8
8
1 12 39
1 5 33
1 12 76
1 18 94
1 5 45
1 7 32
1 9 58
1 1 52
5 8
6 18 33 50 66
4 5 89
3 9 69
2 12 31
3 11 55
4 4 73
1 7 81
2 3 31
5 11 48
4 9
8 15 17 17
4 13 52
4 15 79
1 17 41
1 18 56
4 14 65
1 9 49
2 3 46
4 16 49
2 10 50
5 2
14 18 34 49 69
5 19 96
1 6 38
4 3
19 22 26 35
3 1 32
4 14 39
1 20 91
5 6
20 40 51 60 72
4 13 32
5 4 76
4 6 85
5 8 80
2 17 77
2 6 76
2 4
8 8
1 2 81
1 11 73
1 7 68
2 3 57
5 2
1 4 18 20 25
4 14 66
2 2 54
1 1
12
1 11 37
1 4
13
1 12 88
1 15 52
1 17 49
1 20 60
5 2
9 17 21 28 30
5 6 67
2 13 69
3 1
20 38 43
2 10 38
5 9
16 36 38 58 77
3 4 97
5 9 80
4 1 34
4 2 63
3 7 90
3 8 40
2 4 53
5 19 89
3 7 56
4 3
7 11 23 43
1 13 51
1 3 59
3 17 90
4 2
7 21 27 45
4 19 74
3 19 66
2 1
11 22
2 17 47
5 8
2 14 16 27 40
4 18 34
5 13 85
3 1 33
1 16 87
3 11 61
1 18 100
3 2 44
4 16 39
5 6
10 26 46 66 72
3 16 43
1 10 59
5 6 37
1 2 41
3 13 80
4 3 45
4 2
9 27 40 47
3 12 49
1 9 64
3 2
1 12 19
1 14 32
3 19 96
5 10
2 8 23 34 49
4 2 31
5 2 85
2 18 44
4 2 67
1 16 47
3 11 43
3 16 32
1 19 63
5 5 75
5 1 71
5 1
3 13 27 46 52
1 3 41
1 3
5
1 5 67
1 20 48
1 8 54
4 9
6 15 25 30
2 6 80
1 3 59
3 6 96
1 20 57
1 6 55
1 20 64
2 9 91
3 10 45
3 18 52
2 10
7 12
1 4 48
1 1 84
1 17 93
1 9 54
2 11 71
1 18 91
1 3 73
2 7 91
1 9 56
1 18 41
4 4
17 22 28 46
2 10 49
3 20 90
2 14 56
4 15 82
1 4
17
1 12 79
1 13 42
1 20 77
1 2 40
5 2
19 23 31 51 64
2 12 52
1 1 59
4 2
11 28 32 50
4 9 68
3 7 100
1 7
11
1 5 91
1 10 92
1 13 73
1 6 50
1 14 60
1 5 50
1 12 72
5 7
20 36 41 61 64
3 9 33
1 14 86
1 15 47
4 15 72
2 13 95
5 8 75
5 13 63
2 9
11 26
2 16 87
2 15 65
1 15 62
2 5 82
2 8 80
1 17 87
1 9 73
1 18 39
1 18 57
3 1
1 9 16
2 6 99
1 9
9
1 12 80
1 4 96
1 17 87
1 8 60
1 7 49
1 13 60
1 20 48
1 18 64
1 1 35
3 10
9 24 38
3 7 39
1 4 53
1 14 51
3 7 84
3 13 33
3 5 95
2 13 90
1 16 41
1 5 42
3 13 63
4 7
10 17 20 21
2 18 82
3 8 87
4 18 38
1 13 32
3 7 99
1 10 95
3 6 47
5 2
1 8 19 31 32
4 12 44
2 8 50
4 6
5 7 23 36
4 1 33
1 9 80
3 5 56
4 3 53
3 7 45
1 11 60
4 3
3 10 23 34
4 11 38
1 6 69
1 9 91
5 5
9 15 25 26 39
4 12 41
4 13 33
2 19 84
3 6 86
5 19 70
1 8
1
1 3 86
1 18 63
1 7 93
1 14 46
1 2 30
1 12 86
1 14 99
1 5 51
1 1
5
1 14 84
1 8
19
1 13 53
1 13 36
1 10 68
1 18 83
1 19 48
1 10 93
1 8 89
1 4 42
3 8
2 12 22
2 14 55
3 6 35
1 18 70
1 14 55
3 14 65
1 3 72
1 10 39
3 10 60
4 10
3 12 31 39
2 19 60
1 10 57
1 5 50
2 13 96
3 4 41
3 9 79
4 13 56
1 7 67
1 3 90
4 11 39
3 2
12 15 19
3 7 49
3 14 42
5 8
9 10 16 17 31
1 19 43
4 9 87
5 3 74
2 6 85
3 14 69
3 16 38
2 17 32
5 14 49
2 4
19 29
2 12 41
2 20 84
1 13 39
2 17 98
1 4
19
1 7 78
1 7 70
1 11 38
1 18 100
2 7
10 29
2 11 41
1 2 50
1 20 37
2 11 46
1 17 34
2 5 77
1 10 81
4 9
17 24 29 34
4 7 51
3 15 68
1 2 33
3 15 63
3 5 99
3 20 73
1 6 74
4 8 48
1 17 82
2 6
14 23
1 12 52
1 11 37
1 5 61
2 12 100
2 11 76
1 19 100
1 10
18
1 6 91
1 20 82
1 17 45
1 16 60
1 9 66
1 11 35
1 5 90
1 4 68
1 3 45
1 4 77
4 9
13 21 29 40
1 12 34
4 6 64
1 9 59
1 4 57
1 2 56
1 14 85
1 14 75
3 11 80
4 16 80
2 1
11 24
1 20 43
2 8
5 7
1 2 52
2 2 52
2 4 92
1 17 41
2 8 30
2 3 97
1 9 43
1 7 82
5 10
19 29 38 40 47
5 15 46
2 7 67
3 4 38
4 15 83
3 1 54
2 4 50
3 11 65
3 6 35
4 16 97
3 3 70
5 4
17 24 30 31 46
3 17 44
5 14 37
3 2 65
2 4 56
1 5
19
1 14 37
1 8 53
1 10 73
1 17 90
1 5 63
4 4
16 32 47 49
1 7 35
2 6 35
4 18 91
4 8 56
1 8
2
1 2 64
1 19 79
1 17 60
1 5 30
1 15 83
1 1 40
1 1 57
1 16 47
5 5
11 14 32 38 40
5 3 72
1 6 66
4 2 32
4 13 77
4 9 47
2 5
19 32
1 2 33
1 10 34
1 10 73
2 18 83
1 13 92
2 6
15 31
1 16 94
1 6 52
2 16 75
2 13 41
2 6 71
1 10 92
2 2
18 38
2 15 34
2 20 59
2 7
14 23
2 5 49
1 1 94
1 10 92
1 13 44
2 12 61
2 16 78
1 9 36
2 10
10 23
2 17 59
2 5 48
1 3 50
1 1 76
1 20 88
1 17 49
2 16 54
1 6 70
2 3 79
2 16 96
5 7
4 10 15 26 46
5 11 55
2 7 82
4 4 69
1 18 74
2 2 55
5 7 45
4 7 35
2 4
11 11
1 17 60
2 11 94
2 7 74
1 20 86
1 7
18
1 8 53
1 5 40
1 10 67
1 19 32
1 6 78
1 18 65
1 1 86
2 3
6 9
2 6 79
1 10 92
1 19 48
3 3
2 4 5
3 11 45
3 19 75
3 14 78
1 3
1
1 12 59
1 9 61
1 16 58
3 2
2 9 21
3 6 53
2 11 63
5 5
6 24 37 48 60
3 10 65
2 5 86
3 14 40
3 14 54
4 16 84
2 3
20 25
2 5 67
1 4 38
2 4 71
3 5
9 21 24
3 10 91
1 15 32
1 9 34
1 16 32
1 13 57
1 1
5
1 5 39
2 1
11 14
1 2 42
4 2
13 15 31 39
3 13 65
4 1 84
4 1
9 13 18 26
3 5 46
4 1
10 30 37 51
1 3 61
5 8
7 17 28 40 57
2 12 65
1 7 80
4 17 61
1 16 33
5 16 86
4 13 46
1 19 54
1 16 38
4 3
5 23 26 39
1 4 79
1 1 81
2 14 37
1 1
9
1 14 98
5 1
16 26 45 64 67
4 10 86
2 7
12 26
2 13 38
1 4 60
1 11 43
2 17 66
2 18 35
2 3 63
1 15 36
1 7
4
1 16 98
1 15 93
1 16 64
1 19 88
1 16 57
1 20 88
1 11 45
3 7
12 28 48
3 5 31
2 8 94
1 18 88
1 8 49
2 10 65
1 8 64
1 5 57
3 9
9 24 26
1 19 43
1 6 42
1 20 51
2 20 60
1 11 34
2 1 40
3 12 54
1 20 96
1 3 67
5 6
6 13 20 25 42
4 17 92
4 20 51
5 19 57
2 10 35
1 20 33
5 10 94
5 2
19 22 33 48 56
3 20 34
4 8 60
1 5
16
1 9 82
1 1 65
1 4 34
1 14 88
1 5 39
1 2
12
1 4 95
1 11 79
1 2
17
1 15 84
1 12 78
4 3
1 5 18 36
3 8 35
3 19 79
4 13 31
1 8
11
1 4 63
1 14 39
1 3 40
1 16 80
1 12 83
1 1 100
1 9 66
1 4 68
2 7
9 26
1 9 96
2 4 54
2 5 97
1 10 81
2 18 74
2 15 53
2 19 61
2 7
10 26
2 3 73
1 16 77
2 12 81
2 4 84
2 9 61
1 4 93
2 2 42
1 3
6
1 7 32
1 11 41
1 7 60
2 1
15 23
1 11 100
3 8
16 25 32
2 17 52
3 2 63
3 14 94
2 3 61
3 10 68
1 14 68
3 4 72
3 8 47
4 2
17 35 39 52
4 16 68
1 9 81
2 8
16 27
2 5 35
1 10 41
2 5 49
1 17 47
1 12 72
2 17 61
2 17 52
2 19 77
1 3
9
1 2 71
1 7 60
1 20 78
3 10
12 12 21
2 3 68
3 16 84
3 16 96
3 13 100
3 20 82
3 16 100
3 14 36
2 20 64
3 17 63
3 20 95
4 8
5 19 22 36
4 19 93
1 13 53
4 1 71
3 11 46
3 9 99
3 16 90
1 13 76
2 17 88
4 3
6 6 25 44
4 20 85
2 1 90
4 15 87
1 8
6
1 6 44
1 18 100
1 4 93
1 7 58
1 2 81
1 16 62
1 6 90
1 5 70
3 3
10 18 38
2 13 70
3 19 95
1 4 72
5 4
20 29 41 60 79
1 5 52
1 14 89
5 3 64
4 18 75
4 10
3 20 20 26
1 15 76
1 11 71
3 15 89
2 16 100
3 5 98
4 15 66
1 13 97
4 1 52
4 17 63
4 16 37
2 1
16 31
1 5 72
2 1
6 8
2 18 94
1 5
2
1 17 52
1 10 83
1 8 63
1 6 38
1 17 67
1 3
17
1 2 82
1 13 85
1 15 100
4 5
1 7 7 23
4 11 91
2 20 54
4 6 65
3 17 69
3 13 94
3 8
8 25 43
1 7 92
2 18 92
2 6 53
3 15 39
1 1 53
3 4 81
3 1 63
3 14 38
5 5
11 19 28 31 47
2 1 79
2 20 80
5 19 60
5 9 76
3 14 54
3 4
6 20 30
1 12 53
3 11 68
1 10 44
3 3 48
3 9
14 24 27
3 19 79
3 9 92
1 4 41
1 7 32
3 12 64
2 4 73
2 4 50
1 6 82
1 3 98
4 1
15 15 26 40
4 14 86
5 8
18 23 41 55 74
1 13 30
2 7 63
4 17 82
3 9 77
4 14 50
2 1 57
4 10 61
1 2 53
3 4
6 17 31
1 17 70
3 11 41
1 7 92
3 3 91
4 8
19 22 28 33
2 3 72
2 13 98
4 10 78
2 15 41
3 12 63
3 11 100
2 18 73
1 16 94
4 2
5 17 21 27
3 10 32
1 11 85
2 1
7 8
1 6 33
1 4
17
1 17 33
1 10 62
1 19 36
1 3 72
2 6
12 26
1 15 60
1 6 89
1 12 76
2 20 73
2 12 57
2 10 39
2 3
19 22
1 12 54
2 1 66
1 5 50
3 7
12 20 31
2 10 44
1 8 86
2 16 54
1 9 63
1 17 89
2 1 32
1 9 67
1 10
9
1 5 77
1 10 39
1 4 40
1 18 81
1 4 42
1 6 96
1 12 45
1 11 91
1 17 31
1 16 50
1 8
18
1 15 41
1 2 81
1 1 91
1 11 73
1 11 37
1 15 52
1 8 81
1 7 56
1 9
15
1 3 82
1 2 95
1 11 69
1 19 30
1 16 76
1 14 54
1 12 30
1 2 100
1 9 66
5 10
1 12 16 22 26
5 9 61
5 1 75
2 17 93
2 10 70
1 15 85
1 13 39
3 15 91
1 10 70
4 13 92
1 13 68
5 1
9 23 33 50 53
4 11 52
3 5
8 8 20
2 8 36
1 7 31
3 8 86
1 18 81
3 5 74
2 8
12 27
2 15 64
1 16 50
2 6 65
1 19 71
1 20 82
2 4 89
1 4 65
1 16 47
2 8
7 27
1 12 68
2 17 100
2 6 43
1 10 82
1 20 43
2 20 41
2 12 67
2 19 32
3 3
15 22 34
2 10 59
2 11 56
1 13 70
3 5
8 18 22
2 1 95
3 13 66
3 5 64
2 19 98
1 19 66
5 10
13 19 26 44 63
1 18 32
1 12 88
2 5 99
3 17 54
3 13 99
1 15 75
2 5 43
1 7 34
4 5 39
3 6 96
1 10
19
1 7 39
1 16 92
1 20 97
1 5 77
1 8 82
1 15 91
1 18 73
1 1 73
1 7 49
1 11 45
4 2
5 5 5 6
2 1 77
2 13 84
3 1
19 22 36
3 18 57
5 2
3 15 16 16 36
5 5 49
4 15 53
2 6
3 8
1 1 63
2 15 48
1 6 67
2 20 47
2 18 52
2 10 67
2 10
2 17
2 16 82
1 10 47
1 1 60
1 14 35
2 9 84
1 3 49
2 18 37
2 15 56
2 9 93
1 15 60
3 6
12 27 27
1 17 54
1 13 98
2 13 52
2 5 46
1 9 48
2 11 47
1 10
6
1 1 34
1 9 39
1 12 65
1 17 99
1 10 38
1 3 59
1 12 75
1 10 44
1 3 63
1 15 33
1 7
4
1 15 67
1 10 55
1 10 32
1 17 99
1 13 40
1 17 64
1 17 46
3 7
2 10 12
2 19 46
2 14 52
3 13 67
3 14 38
2 6 87
2 12 73
2 5 70
5 6
16 27 46 55 68
1 18 82
2 7 94
1 20 74
4 8 33
5 6 55
2 7 42
2 7
3 7
1 9 79
2 20 87
1 5 66
1 10 71
2 7 83
2 14 68
2 20 54
2 9
1 5
2 20 90
2 5 72
1 18 77
1 4 38
2 9 67
2 17 45
1 8 79
1 17 43
2 9 47
5 9
16 34 38 43 60
3 14 34
3 9 85
1 6 75
3 16 80
5 7 68
5 4 79
3 6 83
1 17 56
5 15 80
3 9
7 11 25
2 20 58
1 2 39
1 19 79
2 10 41
3 20 85
2 17 77
2 20 69
2 9 82
1 12 91
1 4
16
1 14 99
1 9 37
1 12 52
1 1 63
4 2
11 20 37 50
4 3 67
3 12 83
2 5
19 29
2 20 59
1 11 59
2 15 53
1 15 69
2 16 35
5 6
19 29 40 50 52
3 12 95
5 11 86
1 5 57
3 11 32
1 11 85
3 9 38
4 4
6 21 26 26
2 9 79
2 18 91
4 14 57
2 17 85
3 3
17 31 41
2 12 98
2 12 92
1 15 66
1 9
12
1 6 99
1 6 83
1 4 44
1 1 66
1 15 100
1 15 38
1 20 87
1 8 39
1 7 70
2 10
8 24
2 7 32
1 13 92
1 7 62
1 6 48
2 2 95
1 5 73
2 10 60
2 15 89
2 2 48
2 8 53
3 3
6 19 21
2 3 97
1 17 44
1 16 70
2 6
19 31
2 15 66
2 16 40
2 8 56
1 7 61
2 12 63
2 18 90
3 7
5 12 13
1 14 42
3 9 69
2 1 58
3 5 60
2 9 41
2 10 89
2 1 65
1 1
8
1 6 53
5 1
6 19 21 35 46
4 1 74
4 8
16 18 22 34
2 14 35
3 8 95
1 16 98
4 9 33
4 18 37
3 11 58
2 2 69
4 15 75
4 10
12 32 46 57
2 12 76
4 1 49
4 7 94
1 8 34
3 19 84
2 18 94
4 14 53
3 6 70
1 17 89
1 17 54
5 4
8 22 37 43 46
1 20 76
2 11 52
2 3 46
5 3 76
2 6
1 20
1 19 38
2 19 46
1 13 32
1 14 36
2 16 55
2 10 99
4 1
14 25 29 33
3 3 98
1 3
10
1 9 62
1 9 95
1 10 34
3 2
9 28 39
3 18 87
2 2 55
1 3
18
1 11 32
1 15 79
1 14 100
5 4
16 22 30 36 51
2 20 54
4 15 42
1 14 68
4 8 33
3 8
12 16 18
2 9 52
2 3 76
2 1 49
3 6 52
1 12 36
2 15 46
1 5 34
2 4 45
2 2
13 15
1 6 92
1 10 83
2 9
5 8
1 7 90
2 13 48
2 2 46
2 4 64
2 18 54
2 20 72
2 15 43
2 5 69
1 11 30
4 9
13 29 35 42
4 20 80
1 13 47
3 3 79
2 12 78
2 16 47
1 7 95
2 18 41
2 16 34
3 18 40
2 7
1 6
1 5 82
2 10 98
1 3 95
1 17 33
2 13 49
1 8 55
2 19 47
1 3
8
1 10 51
1 18 76
1 2 30
4 5
4 11 18 24
3 16 100
2 14 40
4 20 60
3 11 64
4 19 84
1 10
19
1 15 68
1 20 76
1 5 60
1 4 73
1 9 47
1 6 72
1 15 42
1 15 53
1 14 56
1 1 84
4 8
14 21 25 30
4 7 48
2 2 91
4 6 81
1 4 61
1 18 68
2 19 92
1 6 66
3 19 83
3 1
16 19 34
1 17 85
2 3
13 33
2 10 42
2 8 37
1 13 85
1 3
3
1 10 41
1 11 61
1 16 66
1 9
18
1 16 90
1 4 89
1 17 39
1 17 88
1 4 57
1 13 87
1 9 62
1 15 45
1 11 31
2 3
13 21
1 2 90
1 3 74
2 2 56
3 1
19 39 50
3 18 66
2 3
2 14
2 18 51
2 7 87
1 14 61
4 7
17 36 39 48
2 14 45
1 4 73
2 15 80
4 13 72
2 19 43
1 13 46
2 2 92
2 6
13 29
1 15 33
1 11 99
2 7 68
2 16 89
1 18 70
2 3 57
2 4
14 28
1 2 46
2 4 64
1 19 96
1 13 50
1 7
12
1 7 50
1 16 89
1 17 82
1 11 46
1 13 78
1 15 94
1 18 38
1 1
12
1 8 80
1 6
19
1 12 61
1 17 41
1 3 63
1 10 70
1 14 88
1 10 71
1 4
2
1 14 48
1 19 46
1 20 48
1 19 70
4 9
8 18 26 44
3 7 38
1 11 50
2 4 98
2 4 72
4 11 98
3 6 43
1 6 35
4 9 94
3 11 75
3 3
12 28 40
2 11 69
3 8 44
2 8 96
5 4
1 11 15 34 37
5 1 57
3 4 68
5 19 35
4 17 84
5 1
5 7 11 16 24
4 4 93
1 10
4
1 4 31
1 10 68
1 4 71
1 2 85
1 11 44
1 3 49
1 11 76
1 3 75
1 11 70
1 9 92
4 10
4 11 18 35
3 2 32
1 4 99
4 19 83
3 10 81
4 7 53
4 2 80
3 1 100
1 16 80
1 16 53
3 17 67
4 2
17 25 38 55
1 6 66
1 8 52
1 1
17
1 18 65
5 7
11 25 43 48 61
5 2 96
2 12 39
5 11 31
5 9 80
1 3 90
1 19 78
1 14 100
4 6
7 13 28 32
1 5 85
1 14 46
1 20 56
3 14 74
3 17 34
4 8 55
3 3
2 9 21
2 14 89
3 16 79
2 15 58
4 6
2 21 31 37
1 19 59
2 15 58
1 8 91
2 18 68
4 14 81
4 13 100
3 2
9 25 34
2 6 40
1 7 55
5 6
18 26 46 57 64
1 7 38
3 3 50
3 3 43
4 1 73
2 10 94
4 19 45
4 8
6 26 37 55
2 1 92
1 20 88
1 10 80
1 4 100
4 3 79
4 1 35
3 18 61
1 14 32
5 1
7 22 25 39 58
2 6 56
3 9
16 33 48
1 8 70
3 2 74
1 15 39
2 4 98
3 2 70
3 11 54
3 4 52
3 8 94
1 3 90
1 2
9
1 19 92
1 8 56
4 1
10 21 23 24
2 10 72
5 1
13 26 38 41 54
4 1 90
1 8
18
1 19 97
1 7 92
1 8 68
1 20 37
1 14 32
1 11 64
1 14 43
1 10 34
3 5
11 12 16
1 11 53
2 3 42
3 10 84
1 16 99
3 14 89
5 2
13 24 40 53 71
5 6 72
4 2 38
1 2
17
1 14 67
1 18 39
1 9
8
1 17 63
1 20 100
1 6 54
1 12 81
1 20 70
1 19 97
1 12 34
1 12 63
1 14 66
3 10
11 13 23
3 6 81
3 8 72
3 6 62
1 11 64
2 6 71
2 14 52
1 16 52
2 5 35
1 10 40
3 6 62
4 7
20 40 54 74
1 10 54
1 11 49
3 4 43
3 2 99
3 9 37
2 14 87
3 8 93
3 9
7 22 42
2 1 89
2 9 61
3 9 60
3 10 48
2 17 61
3 15 49
1 20 38
3 11 39
1 8 89
5 3
2 21 27 32 47
5 13 61
1 15 77
3 9 49
2 3
13 30
2 17 95
1 3 58
2 17 54
4 3
5 23 38 42
4 1 68
2 5 65
3 17 30
2 10
10 11
1 15 93
1 7 50
2 15 64
2 6 32
1 13 99
1 8 46
1 1 92
1 7 35
2 12 85
1 9 65
3 2
4 13 16
2 1 85
2 13 81
1 4
9
1 8 86
1 1 71
1 11 45
1 8 59
5 6
4 17 22 32 51
4 4 96
3 3 94
2 5 33
4 16 38
4 5 82
2 20 41
4 6
10 16 30 45
1 20 78
1 13 57
3 20 73
3 2 60
1 4 31
2 15 60
3 10
10 20 31
3 15 32
3 5 40
3 1 81
3 7 73
1 3 39
1 18 45
1 15 100
3 12 59
1 13 55
1 9 33
4 9
12 26 31 49
3 16 41
2 5 78
1 11 75
2 8 43
3 2 96
1 13 77
3 1 78
3 20 63
2 12 65
1 7
5
1 12 84
1 15 31
1 8 51
1 11 48
1 1 63
1 1 61
1 6 62
3 10
7 14 24
1 19 71
1 5 83
3 16 37
2 13 56
1 19 30
2 9 45
2 7 86
3 18 47
1 8 98
1 5 90
2 8
2 16
2 4 74
2 12 89
2 9 55
1 15 38
1 8 68
2 16 33
2 14 70
1 8 82
4 8
14 22 28 30
4 1 73
4 18 97
4 11 34
3 7 64
3 7 99
3 14 44
3 19 52
3 8 85
3 2
1 9 11
3 20 100
3 7 34
1 10
9
1 15 36
1 7 97
1 9 55
1 17 96
1 12 72
1 2 48
1 20 46
1 4 81
1 2 85
1 1 50
1 1
4
1 18 97
2 7
3 5
2 16 63
2 1 64
2 19 73
2 13 75
2 2 42
2 7 61
1 8 89
4 1
2 11 18 23
3 13 72
5 1
7 24 44 64 76
1 2 44
5 1
12 32 35 47 55
5 8 60
2 5
2 15
1 4 81
2 8 42
2 20 88
1 3 70
1 11 50
4 7
12 32 32 40
3 11 89
4 4 49
4 10 68
1 6 87
4 5 31
3 20 86
4 12 34
2 5
8 10
2 16 85
2 20 59
1 11 51
1 1 55
1 17 73
1 5
1
1 5 64
1 6 90
1 10 42
1 1 33
1 12 67
5 1
14 18 20 22 25
2 3 58
2 5
4 18
1 17 98
1 15 100
2 8 84
1 1 49
2 7 57
1 5
19
1 14 58
1 15 76
1 11 86
1 1 36
1 14 78
4 2
7 8 21 36
2 10 44
1 2 83
1 10
17
1 12 83
1 5 60
1 11 95
1 7 77
1 7 85
1 1 100
1 13 74
1 10 96
1 8 72
1 15 89
2 6
18 23
1 1 95
1 6 44
2 7 85
2 9 44
1 13 48
1 19 100
2 2
9 15
1 5 69
2 20 72
2 3
19 23
2 12 58
1 2 46
1 8 45
2 7
6 10
1 6 86
1 14 39
1 5 58
1 18 82
1 7 80
2 15 52
1 2 68
5 3
6 26 41 43 49
1 6 46
4 5 63
4 11 58
3 3
6 6 20
1 18 99
1 5 44
1 8 98
1 3
14
1 1 76
1 7 35
1 12 67
4 6
20 26 37 45
3 3 89
2 12 53
4 17 81
2 9 97
4 20 66
3 2 95
2 3
20 35
2 3 33
2 8 36
1 4 100
5 4
16 28 35 45 58
1 2 35
3 13 73
5 12 55
3 12 91
5 5
7 18 28 48 50
1 13 58
3 7 66
2 19 42
2 3 83
4 5 70
4 1
6 18 20 38
3 2 92
3 8
11 20 24
1 8 45
3 15 35
3 18 59
3 8 86
2 10 38
3 7 50
3 6 73
3 8 90
2 6
7 7
1 20 33
1 18 69
1 10 82
2 7 39
2 16 60
2 20 62
5 5
10 29 48 66 83
2 9 63
3 9 49
2 18 34
5 1 43
2 15 56
3 9
11 13 24
1 3 97
3 7 93
1 3 47
1 10 35
1 12 84
3 2 78
3 19 34
3 19 39
1 17 88
2 3
8 28
2 5 40
1 12 90
2 3 62
4 4
15 23 43 53
1 16 94
3 2 47
3 12 88
2 7 63
1 2
3
1 6 62
1 7 38
2 8
11 20
2 19 35
1 17 49
2 12 41
1 16 63
2 5 65
1 10 65
1 2 92
2 2 50
2 8
6 20
2 20 62
1 20 81
1 15 67
1 11 82
1 19 86
1 4 69
2 12 51
2 3 91
4 6
19 24 31 34
3 15 35
3 14 38
2 2 83
1 16 61
2 13 92
1 10 94
5 1
15 23 40 43 43
5 1 83
3 10
17 36 47
3 5 44
3 1 38
2 15 68
1 4 77
2 2 80
1 5 35
2 13 87
3 10 60
3 17 42
3 3 42
1 3
3
1 18 86
1 5 72
1 8 62
4 3
3 14 32 48
2 11 65
4 1 47
1 15 30
2 9
17 23
2 15 55
1 15 36
2 14 73
2 10 64
1 8 45
1 16 51
2 14 81
2 20 46
1 3 89
5 3
17 27 33 34 46
1 19 64
1 20 94
5 6 74
4 2
12 20 27 36
4 17 45
1 17 86
4 1
5 8 19 32
3 6 34
1 1
11
1 18 60
4 9
13 20 25 26
2 12 39
4 19 60
3 5 36
2 13 81
3 13 51
3 14 78
2 7 67
4 4 63
4 17 95
3 2
3 22 35
1 7 50
1 14 61
5 8
4 22 27 47 65
5 6 100
3 9 99
5 6 80
3 10 47
1 9 30
1 12 91
4 3 57
2 2 81
3 2
20 36 45
2 1 65
2 17 61
2 1
7 23
2 9 44
1 6
11
1 16 59
1 9 44
1 4 73
1 5 97
1 4 95
1 2 100
1 9
18
1 1 41
1 4 89
1 13 64
1 3 47
1 13 58
1 19 73
1 18 61
1 6 37
1 6 100
5 8
2 3 4 15 20
1 16 88
2 7 61
3 6 68
3 3 87
2 1 32
3 13 52
4 13 40
1 7 99
1 3
1
1 2 99
1 19 35
1 5 39
4 9
9 24 40 57
3 18 56
4 5 93
4 15 60
2 5 50
1 17 91
2 20 76
2 13 47
3 6 82
3 18 100
1 7
3
1 18 49
1 9 77
1 5 86
1 15 70
1 7 37
1 3 59
1 6 62
2 4
17 29
2 11 89
2 18 82
1 12 56
2 13 78
5 1
12 22 31 51 52
1 7 92
1 7
19
1 4 32
1 17 70
1 18 48
1 17 89
1 17 64
1 10 59
1 13 50
5 10
14 33 52 65 69
4 2 35
5 11 57
2 2 35
4 13 88
5 20 47
1 16 37
1 17 72
3 14 62
5 8 47
1 14 64
1 8
6
1 13 48
1 1 32
1 7 49
1 14 81
1 2 87
1 19 59
1 3 40
1 13 40
2 10
8 11
1 13 70
1 18 81
1 15 36
1 3 42
1 9 74
1 16 99
2 17 52
2 11 99
1 3 68
1 14 61
3 9
11 15 27
1 1 41
1 18 57
1 3 52
3 17 56
2 2 69
2 2 94
3 19 84
2 16 38
3 11 44
4 10
13 19 26 26
3 12 95
1 11 99
4 8 31
1 4 40
1 5 100
3 13 55
1 20 66
1 1 76
1 1 58
1 13 42
5 6
5 16 20 20 34
5 3 71
1 4 92
1 9 34
4 3 36
2 16 92
3 17 52
3 4
14 24 35
1 16 95
2 1 94
2 11 95
1 19 46
3 6
13 24 33
1 13 86
3 15 87
3 9 71
1 12 87
3 12 90
3 6 33
5 3
5 21 31 50 67
3 2 33
5 2 86
5 10 63
4 3
13 15 17 28
2 9 74
3 5 63
4 19 60
1 4
15
1 16 41
1 14 35
1 13 74
1 17 44
4 10
10 19 33 41
4 8 68
2 11 83
4 7 73
4 19 58
1 7 76
2 1 73
2 6 39
1 17 80
1 7 57
3 6 40
1 8
6
1 12 71
1 14 32
1 17 76
1 8 76
1 14 39
1 14 32
1 17 45
1 6 45
5 8
3 23 33 47 54
2 5 64
4 16 58
1 3 46
2 2 73
3 1 65
3 20 93
4 2 53
4 15 71
2 5
17 24
2 8 64
2 5 65
2 5 77
2 10 65
1 9 95
3 10
16 26 46
2 10 59
3 19 57
3 18 80
2 12 86
2 7 64
1 16 58
2 19 80
1 6 84
3 15 68
2 10 41
1 6
8
1 19 82
1 8 82
1 19 72
1 15 84
1 16 100
1 11 80
4 1
15 19 24 42
2 6 90
4 2
1 13 14 29
2 12 90
2 6 98
5 2
10 18 24 40 57
5 10 60
5 11 69
4 3
15 21 29 46
3 1 31
4 13 33
2 1 47
4 3
2 15 27 41
3 19 94
2 13 75
4 16 40
4 10
6 11 24 28
4 1 58
4 1 43
4 19 39
3 3 52
1 1 31
3 11 76
3 19 66
1 6 44
4 9 48
3 15 76
3 5
2 3 14
3 3 81
2 3 84
2 9 74
2 3 65
3 10 49
5 10
5 9 16 23 24
4 12 85
3 12 37
5 6 41
4 6 74
3 20 87
5 1 54
2 6 81
4 19 86
5 10 87
4 2 35
3 7
2 16 24
3 15 73
1 20 46
2 16 70
1 14 60
2 20 96
3 18 85
3 20 54
5 2
1 9 20 38 38
4 7 80
1 13 70
1 8
6
1 5 30
1 11 60
1 1 37
1 14 63
1 16 87
1 11 30
1 6 40
1 5 37
3 4
1 20 31
3 20 44
1 13 41
2 5 45
2 19 52
5 4
14 34 37 47 49
3 20 40
4 12 84
1 9 39
4 1 38
4 8
11 25 30 36
4 12 62
4 3 87
3 16 70
2 6 90
3 2 55
4 5 97
3 1 59
1 15 45
1 3
19
1 10 42
1 3 94
1 3 64
2 1
11 23
2 19 36
5 7
16 32 51 65 85
1 11 70
4 9 80
2 9 65
2 15 33
3 10 58
1 7 81
3 13 82
2 6
13 22
1 6 46
1 18 55
1 19 73
2 20 73
1 11 47
1 17 60
4 2
7 13 32 40
4 17 43
3 8 31
2 3
2 4
2 13 84
2 9 76
2 20 59
3 7
20 20 38
2 12 76
2 16 36
3 5 70
1 16 77
2 19 69
3 14 52
3 2 68
1 1
9
1 10 66
5 5
12 26 44 57 61
1 10 97
2 13 94
1 16 55
2 19 62
1 19 96
