10

5 7
1111111
0111110
0111111
1111111
1111110

5 10
0111011010
1010001001
0000110000
0110110111
0001010010

8 48
011111111111110111111111111111110111111111111011
011110111111111110101110111111111111111011111111
110111110011110111111111111111011111111101110111
111100111010101111111110111100111110101111111101
111111110111110111011110111111011101110010011111
111101111111111110111111111111111111111111111111
111111011111111111011111011111111011111110111111
101110101111100111101011111011111111111111101111

6 35
01011011111001111101001011011111110
11111011111011111010110111110110111
00111110101111111111110011011111001
11111011110111010110001001100111101
11110111111000101110011011011100111
10111110110011110111010101111111111

10 39
011011100100101011101111101101100100100
011011000011110010100011110110011011011
111010011111001111010011011011111111010
011101110111111111111111111100101010101
010100011111110000110100110110111001010
110110101001111011010111111110111011111
111100010111110110101011011101111101111
010011010111011011001111110101011100010
101111110011111110111110101101101111100
100111010111101101101000111111100011101

9 3
110
011
001
011
011
001
110
110
101

9 18
111110101010110101
110111001110111111
111011101100111011
011110110111111101
111101001111011010
010100001010111010
111111011111111011
101011101111100010
111110101011111010

4 41
11111111110110111011111001111010111101111
11110111111111111111010111111110111111111
11101011100111111111110111111111111010111
11111011111110111110011111111111111111011

10 25
0000000000000000000000000
0011001000010110000010000
1000101000000100000010001
0000100000000001100000000
1000000000000010000000000
0000000000000000000000100
0000001001000100001010001
0000000101000001000001001
0000100101010100100000000
0000000000000000000000001

8 26
01110000101100010001000101
01110001100100100110100110
11010100011000110010101001
11010000001010110010101011
00111101000000000110110111
10101010110000011101000111
00001010011001011111110010
01001001010001100011110101
