10000
345 121
920 425
217 99
224 781
3 134
972 703
442 303
499 900
981 384
798 728
249 268
458 882
973 427
306 891
980 764
875 251
623 550
191 100
561 637
795 581
73 212
472 408
683 61
877 412
535 218
355 67
417 152
312 221
743 263
397 124
934 603
960 414
862 982
491 95
937 20
235 220
48 917
209 488
350 870
133 211
43 344
774 198
362 960
299 304
251 573
581 772
162 286
402 265
494 321
460 304
27 69
360 986
72 929
680 872
466 890
969 929
847 857
398 607
556 803
435 482
216 391
802 11
382 44
794 650
335 248
411 721
294 42
571 15
754 273
580 663
711 850
171 550
213 734
803 864
848 25
80 851
710 973
509 10
844 309
70 331
194 458
702 978
618 625
979 812
61 139
621 285
638 444
578 194
428 421
301 80
476 123
571 395
581 29
620 471
371 657
112 563
293 399
951 921
487 317
952 80
25 233
715 226
725 658
759 414
461 304
533 991
18 87
98 163
798 401
305 444
236 73
799 395
330 512
245 560
790 875
850 579
702 627
175 895
846 236
585 665
198 270
50 205
970 143
287 474
720 368
563 601
909 915
763 889
153 932
881 830
574 317
906 566
933 567
695 75
73 776
328 19
737 768
772 475
890 243
170 40
819 98
939 196
872 113
93 735
64 123
370 323
775 457
871 231
420 991
765 278
612 288
508 869
773 676
243 896
700 985
625 605
504 943
119 231
356 835
340 204
585 277
312 688
801 338
713 808
142 210
161 240
929 139
125 550
683 428
336 708
495 43
798 370
238 288
433 345
674 471
752 345
691 802
139 812
837 725
520 481
424 576
113 210
15 553
844 454
209 255
922 263
515 320
264 829
269 404
121 490
216 7
569 684
270 915
555 607
202 580
789 632
451 410
647 570
742 922
512 293
217 310
881 554
369 64
839 360
381 203
909 419
944 922
576 311
691 335
617 369
536 94
279 415
696 87
706 451
303 975
73 388
354 879
773 172
472 924
372 531
966 453
591 2
33 729
340 513
753 454
524 883
72 747
126 117
822 63
842 642
552 799
911 481
293 204
823 565
704 522
357 404
49 331
862 249
980 618
845 211
80 649
860 787
456 755
954 98
222 978
312 953
987 986
51 342
521 68
429 382
953 644
708 29
653 436
466 104
263 151
83 924
216 214
538 444
650 191
36 718
878 345
867 630
735 481
956 299
165 199
26 597
36 242
985 869
730 776
579 93
668 239
303 779
9 391
549 891
414 294
859 810
568 698
323 388
301 202
642 902
348 966
499 852
432 818
130 853
289 711
362 266
410 898
351 939
996 724
117 385
250 544
271 165
347 335
416 248
972 927
350 961
19 712
513 82
29 230
185 355
720 114
670 14
194 385
797 713
264 123
762 751
168 781
424 967
936 720
715 204
548 463
998 387
764 477
437 888
963 853
205 9
777 96
407 225
178 403
529 287
717 70
12 900
735 62
599 681
317 971
506 750
669 99
540 612
254 21
814 565
10 463
998 822
707 817
253 212
692 576
913 356
260 220
124 465
919 146
459 793
12 306
687 649
343 890
512 917
913 73
213 816
587 261
421 130
343 342
761 981
847 56
831 880
772 21
321 684
176 857
348 537
908 580
290 578
67 891
760 476
261 904
216 68
109 789
912 262
188 333
866 494
100 988
994 235
917 809
291 279
739 347
170 25
357 97
881 298
232 497
374 507
363 842
457 926
329 625
666 961
258 152
696 919
249 530
43 390
743 97
659 161
703 913
486 215
616 186
222 418
982 465
113 674
26 575
711 416
597 105
736 435
409 30
779 398
184 901
224 136
483 436
63 186
172 898
279 45
132 262
152 889
782 805
825 839
506 232
619 409
451 507
699 540
953 536
244 821
272 794
691 329
103 338
321 987
962 350
941 946
977 77
423 104
639 684
6 700
747 324
11 609
858 233
524 621
19 356
610 891
402 354
371 1
909 244
609 3
826 885
416 230
567 871
124 789
777 38
49 784
502 571
345 432
10 898
186 205
6 796
669 832
92 198
800 849
765 313
453 794
611 120
833 449
535 516
654 370
364 619
409 979
458 717
492 807
340 694
557 692
826 823
942 860
96 605
955 544
805 344
951 616
101 446
631 876
32 957
53 174
192 508
470 518
231 595
21 565
407 334
974 538
192 262
987 784
173 760
931 318
215 188
254 766
329 599
250 558
810 305
449 586
46 464
241 496
13 388
122 186
59 832
20 840
182 288
398 371
548 861
304 147
418 442
698 738
909 339
418 239
589 705
571 196
397 455
888 305
269 928
733 566
256 343
279 517
526 372
910 901
259 806
690 992
190 828
636 302
83 555
264 840
418 875
385 958
165 466
405 857
310 919
653 370
887 752
599 537
416 173
484 623
660 42
34 44
860 289
42 306
346 550
35 63
952 281
390 735
775 799
376 744
232 434
27 453
159 380
948 396
578 376
295 8
510 945
727 847
251 553
878 820
931 540
851 446
775 370
743 520
378 424
359 263
691 807
797 479
456 140
343 167
790 903
494 840
842 948
257 81
291 477
767 566
845 461
560 325
631 350
389 271
350 564
60 109
224 129
877 1
826 567
367 520
443 329
900 351
582 442
856 891
828 347
670 727
336 362
907 378
217 30
769 926
75 812
262 914
182 189
218 225
413 725
996 537
609 518
998 717
580 555
405 220
70 413
242 943
140 234
155 47
227 617
162 516
161 303
501 111
469 84
37 25
882 503
359 170
600 910
470 451
883 711
46 4
386 442
395 927
49 709
832 651
408 783
344 810
913 621
353 571
646 975
636 104
280 484
375 145
401 522
67 784
100 943
229 635
703 115
697 646
528 307
59 158
957 552
996 222
994 262
107 950
143 165
697 831
168 228
180 488
275 329
69 860
21 306
154 906
46 591
180 980
144 69
58 584
236 316
205 674
620 674
802 288
354 975
843 885
96 783
846 366
230 835
196 600
880 784
499 152
149 198
445 633
921 146
79 914
227 148
67 445
992 674
254 858
758 643
650 969
170 845
205 628
787 768
257 227
484 385
314 333
918 736
843 86
715 786
873 323
844 63
150 408
829 845
440 226
236 347
215 654
997 831
130 48
960 705
683 909
882 934
654 585
8 757
142 913
15 917
121 435
391 733
95 281
459 115
990 226
330 774
761 353
617 732
84 540
335 485
322 310
352 925
464 421
195 542
679 101
804 76
277 555
322 23
772 706
122 60
298 186
842 341
208 148
863 492
348 215
176 348
758 678
248 240
758 192
432 426
373 623
250 38
599 737
415 612
936 370
554 865
795 344
19 86
988 574
470 928
640 897
217 918
896 950
537 367
546 826
141 329
600 288
554 475
350 151
813 972
208 626
804 969
66 902
118 99
86 15
990 239
770 683
876 292
191 325
396 760
947 460
868 524
904 193
234 971
19 253
733 607
173 856
751 476
718 331
913 755
597 871
295 113
217 740
48 933
347 163
447 837
209 44
365 905
93 713
524 679
932 249
949 926
160 430
299 587
319 871
734 311
513 199
418 670
781 420
917 873
397 537
964 837
629 604
414 442
344 473
575 558
539 117
399 583
240 395
953 468
917 259
244 909
258 758
677 182
711 155
643 225
979 501
938 192
734 659
625 983
88 23
484 32
647 80
834 852
446 472
232 449
568 702
276 959
585 748
843 834
869 586
363 739
639 345
777 79
84 810
13 942
661 765
850 125
809 722
639 997
120 355
928 658
529 728
805 164
469 17
129 657
465 896
852 721
680 661
306 265
935 487
162 657
808 650
992 934
791 523
652 432
480 694
145 157
687 249
182 924
598 430
328 915
523 629
190 210
167 303
700 54
368 604
25 847
615 766
553 858
451 36
859 687
189 248
995 724
450 729
834 488
764 114
729 329
193 241
138 935
490 553
367 678
758 576
89 1000
156 882
562 905
940 556
299 585
919 906
967 566
10 217
910 655
808 413
387 202
661 77
879 478
387 594
3 674
553 452
506 189
559 197
685 971
11 763
140 878
471 962
948 147
48 768
172 113
409 936
951 790
182 376
757 945
945 418
825 977
121 582
820 508
518 831
65 497
918 634
687 159
236 450
410 859
83 974
987 158
511 377
35 669
812 802
932 279
293 882
808 779
519 360
159 31
427 624
366 314
607 935
227 67
190 129
250 55
771 804
123 551
618 2
793 471
224 99
468 937
854 648
232 888
873 169
244 229
701 656
484 118
13 684
216 946
861 343
99 78
697 65
396 483
851 442
848 93
784 636
398 590
267 806
369 97
449 506
778 223
84 120
36 869
17 297
214 452
377 205
845 408
467 365
895 274
777 658
960 974
574 675
209 317
719 140
324 932
663 585
682 716
105 7
677 280
953 92
550 850
843 90
576 334
259 864
707 412
636 913
938 586
794 34
549 97
911 696
536 763
649 384
722 436
674 574
975 182
399 199
447 714
250 454
476 214
793 250
392 706
524 39
781 218
818 65
411 143
85 332
221 62
801 622
364 351
953 731
275 775
610 297
65 46
143 801
98 866
3 836
654 931
970 492
481 333
944 742
729 401
424 7
43 803
974 372
79 973
5 952
823 515
707 666
28 198
744 444
697 681
507 741
430 775
5 152
854 635
435 851
745 974
176 9
347 300
201 553
131 871
223 868
373 107
784 826
97 24
327 294
281 348
48 302
367 934
397 356
13 924
483 831
410 182
629 859
196 168
120 484
521 100
814 391
660 750
51 394
951 774
723 519
683 17
682 269
49 569
314 207
76 952
633 283
109 201
160 395
894 784
365 456
791 116
794 114
869 644
428 153
326 695
412 47
854 482
953 44
476 175
189 153
61 704
964 325
497 992
776 555
601 2
23 562
432 832
451 180
750 781
401 319
790 667
987 279
298 991
550 258
513 416
868 506
736 707
60 511
694 82
933 99
406 480
790 964
657 646
329 789
137 58
44 821
208 59
623 294
719 142
336 191
343 996
914 251
611 585
97 632
92 151
71 33
724 337
491 972
539 808
957 61
414 578
595 729
18 206
472 4
685 457
543 308
934 876
484 243
872 379
107 96
979 159
439 959
339 821
333 989
839 398
326 981
179 917
225 165
158 228
62 609
125 495
188 895
110 166
636 954
270 176
211 592
164 395
756 892
771 741
316 260
788 54
20 971
74 171
531 313
196 125
65 486
590 1000
181 394
752 237
496 105
806 304
688 503
390 34
286 952
285 656
744 531
674 2
464 761
978 85
107 163
698 18
970 610
528 388
564 821
275 14
642 998
30 755
930 501
121 820
942 723
904 670
858 441
882 625
905 191
523 266
799 877
922 929
32 917
636 76
113 126
311 963
562 171
520 553
314 338
766 841
722 470
644 775
905 478
803 131
94 635
85 106
50 766
619 172
252 311
609 375
370 415
165 50
574 879
115 563
791 527
27 698
692 672
897 684
653 346
53 513
658 263
481 877
769 302
894 211
780 329
87 893
385 471
571 29
568 139
335 848
545 211
690 254
195 505
224 243
958 654
16 913
770 354
734 356
702 917
937 308
2 610
382 199
261 22
467 20
191 901
957 168
56 694
315 621
360 514
440 895
469 889
525 989
600 428
668 782
648 972
262 601
21 930
902 123
182 101
900 773
852 951
620 572
20 736
980 336
25 114
641 133
608 851
738 492
699 662
252 59
199 418
764 705
389 713
56 675
132 323
895 138
189 625
828 563
326 786
495 845
480 849
987 558
553 484
969 271
491 271
644 315
587 879
892 868
147 680
787 486
616 712
442 178
100 833
397 437
61 890
131 774
509 559
415 163
304 461
754 733
545 455
382 479
805 532
636 203
582 166
335 165
617 60
463 894
856 457
328 450
137 939
72 986
302 716
508 91
811 197
467 398
163 534
473 534
244 407
246 901
150 411
581 87
679 759
253 964
978 624
995 290
507 26
174 322
765 505
418 127
476 12
174 890
451 357
846 864
712 938
417 282
155 559
260 764
291 26
549 830
616 334
144 830
786 976
918 308
41 309
265 917
530 658
946 937
89 187
387 573
17 229
989 306
421 795
876 284
947 908
157 491
84 307
775 477
998 526
559 82
818 8
338 343
950 8
247 316
211 528
730 70
536 854
19 845
773 758
381 791
985 893
399 244
493 24
982 72
231 947
345 219
880 931
772 548
174 829
678 442
355 412
435 722
524 343
194 556
194 832
799 182
156 550
435 407
956 972
831 557
470 216
165 440
316 189
543 364
924 33
30 107
928 919
692 521
749 463
210 790
957 81
483 600
525 166
967 414
367 695
441 502
481 915
657 936
293 918
507 328
927 788
511 944
306 274
775 683
563 438
411 540
900 722
776 989
27 837
957 856
360 105
924 146
10 342
119 178
419 222
505 927
199 343
9 23
561 788
891 609
271 284
990 244
345 202
734 269
86 707
931 94
646 291
681 793
665 856
695 273
182 85
368 833
53 649
644 754
638 958
672 138
144 986
66 752
619 769
398 233
334 41
364 350
106 68
551 836
324 50
215 226
839 740
824 286
16 738
961 49
320 838
198 774
174 159
159 855
402 351
103 624
859 461
45 74
930 932
174 161
61 954
521 431
509 754
625 431
48 962
367 34
159 878
430 645
1 11
677 65
895 533
729 826
94 353
896 297
784 676
110 946
971 242
780 79
240 967
724 963
109 450
566 103
676 469
151 72
722 239
773 471
857 34
484 104
110 133
204 347
227 794
880 415
566 449
152 874
592 884
456 698
424 897
735 767
686 715
97 790
584 705
806 680
184 462
344 488
363 447
281 905
139 816
131 454
655 735
837 472
726 376
645 348
648 23
521 570
573 809
52 983
147 147
72 868
612 521
694 420
37 857
927 754
577 301
167 777
484 749
732 722
505 619
251 978
141 877
36 568
17 798
849 899
891 869
171 491
749 332
621 356
693 282
887 526
716 490
668 535
559 50
884 255
1 381
507 826
335 817
856 874
842 2
695 195
665 797
912 861
404 206
677 966
522 282
800 685
348 685
403 536
440 910
309 447
983 686
452 678
991 437
30 951
97 861
134 302
644 541
173 595
112 263
431 140
748 890
970 224
201 712
562 861
21 785
608 970
793 823
758 302
235 856
20 367
277 424
735 660
100 868
645 860
690 911
826 325
492 968
621 78
452 595
515 372
680 404
348 17
465 287
681 64
629 75
708 627
198 449
968 61
345 546
813 881
272 791
918 257
528 839
538 775
924 524
454 399
968 638
289 875
286 374
414 798
173 756
742 298
805 834
947 210
596 455
230 912
684 174
691 88
722 484
184 963
849 477
937 590
677 943
847 824
353 589
860 911
353 493
576 676
480 987
520 82
548 388
969 683
317 636
89 667
810 32
335 523
587 13
310 271
632 927
646 72
288 762
867 699
131 669
756 305
937 882
797 909
505 192
261 881
699 321
377 497
902 356
511 78
75 252
276 948
976 919
47 52
669 583
723 123
266 869
713 33
136 481
76 675
67 851
435 210
863 406
562 410
448 399
345 76
248 858
203 268
509 941
969 155
48 548
389 646
655 387
303 301
915 167
980 213
707 246
273 183
672 946
52 14
111 169
756 245
2 800
948 311
655 292
924 157
335 783
592 796
720 385
767 276
356 804
789 562
832 687
297 574
902 301
656 22
923 763
224 2
241 909
150 718
742 65
817 419
636 794
132 253
207 446
288 262
514 969
575 922
114 752
2 594
945 903
404 689
356 556
101 946
830 441
881 175
267 21
838 243
198 596
633 226
187 83
810 300
261 141
435 165
633 848
493 840
378 33
378 975
539 844
588 293
576 316
733 540
293 217
573 823
317 285
480 578
532 54
869 508
30 968
856 500
686 128
608 497
95 305
266 369
135 379
180 339
111 943
251 77
236 308
277 374
825 366
24 845
699 737
433 232
547 842
286 558
480 855
469 430
834 794
794 533
416 601
429 565
75 777
658 296
705 503
871 705
123 557
985 227
767 947
631 488
910 284
485 763
151 677
147 462
11 385
700 853
839 607
704 73
997 786
218 471
371 272
562 526
26 956
203 965
256 381
46 978
735 748
646 779
979 90
626 201
584 664
559 257
114 100
531 946
444 203
291 17
226 9
670 31
486 843
767 705
894 13
455 344
460 541
216 231
501 726
979 264
43 989
547 719
131 617
800 285
784 322
237 142
574 273
227 107
855 928
140 729
106 453
456 41
599 796
555 118
772 458
317 162
179 147
809 777
450 900
254 731
25 865
777 327
799 257
657 531
134 709
722 245
971 509
603 61
351 834
128 856
584 357
928 79
208 271
815 742
285 567
230 37
536 511
270 450
638 263
873 510
722 377
273 491
497 795
159 740
708 296
69 262
226 935
340 159
227 931
175 566
774 497
398 26
540 845
965 465
562 365
242 299
523 172
834 653
436 433
508 143
126 541
196 254
456 657
738 531
955 645
889 673
372 570
288 251
181 689
876 28
987 482
756 717
106 615
388 18
157 533
875 613
486 138
844 650
836 233
977 9
88 879
995 256
815 115
851 46
499 757
653 489
786 726
136 553
589 760
199 907
250 522
682 710
19 797
862 753
141 913
113 235
26 721
31 610
615 690
720 773
159 321
247 266
766 762
76 753
262 777
187 670
997 869
379 379
669 448
441 772
260 648
802 329
522 321
756 71
381 241
437 279
711 91
978 806
743 301
138 908
756 705
785 845
430 408
598 699
645 682
85 201
303 7
797 121
950 337
418 192
328 832
500 149
566 429
583 125
717 663
834 330
608 305
920 383
867 866
841 790
370 987
922 34
600 973
33 349
376 312
18 83
168 261
405 829
745 822
957 992
273 208
170 827
320 432
720 956
534 739
294 116
116 484
664 430
78 690
430 460
824 671
810 794
390 922
902 729
562 838
276 565
361 521
796 560
78 510
361 733
598 307
468 893
219 644
912 374
946 630
140 222
668 860
428 724
32 406
353 504
639 989
636 966
615 385
143 120
489 139
124 433
924 435
339 842
791 619
177 64
146 257
796 420
262 337
112 586
504 785
844 819
243 692
982 579
555 656
115 3
314 567
872 768
870 722
796 242
449 993
659 294
128 428
644 325
645 549
36 603
573 564
122 920
787 186
192 498
427 302
704 553
968 787
277 202
710 880
174 205
600 582
70 887
419 574
7 873
481 337
826 446
264 334
824 9
216 711
797 445
705 252
663 795
42 702
939 520
891 541
225 420
252 515
339 908
908 759
546 344
171 299
481 230
592 543
440 661
267 211
842 451
956 616
335 96
899 768
771 368
29 330
125 77
54 455
937 643
841 392
623 579
722 61
417 608
901 351
265 724
851 615
912 428
492 941
712 280
448 690
164 981
597 686
187 514
116 27
600 694
412 391
412 280
6 294
539 94
287 590
67 383
249 722
520 289
482 904
643 539
19 819
998 124
74 753
297 539
160 493
89 676
908 94
59 329
263 175
453 607
734 181
246 821
195 156
665 968
68 754
958 666
203 707
593 398
812 347
105 206
690 735
778 566
474 940
588 390
662 974
481 779
915 507
683 478
483 134
260 387
828 956
787 228
328 162
870 412
867 45
907 693
104 168
613 298
676 650
109 101
993 917
903 682
877 504
201 578
832 734
527 450
898 485
34 513
258 344
4 349
184 606
453 543
84 776
649 874
844 55
144 928
210 243
37 37
756 821
216 970
163 790
332 43
436 198
513 650
858 846
395 442
762 302
433 628
613 912
31 965
881 411
212 78
881 937
253 627
296 33
240 949
818 93
490 776
908 981
90 29
295 75
43 17
961 957
614 924
667 895
902 804
820 990
810 151
740 133
862 652
762 196
834 611
951 556
297 56
625 812
692 660
697 575
149 444
117 916
924 304
903 653
525 869
611 72
616 772
133 241
192 545
433 190
629 900
753 370
522 611
243 418
55 54
256 451
784 786
367 746
524 303
687 458
383 226
72 930
56 500
419 492
972 848
405 168
785 441
569 702
772 714
851 488
915 628
989 734
924 163
229 47
109 337
733 831
65 242
562 195
345 791
910 135
184 147
679 872
766 665
781 603
743 684
79 484
689 604
159 264
521 720
393 627
287 575
449 826
885 6
986 331
372 893
191 776
734 73
565 512
653 516
951 182
115 665
849 128
520 720
774 145
680 56
547 719
874 800
297 165
402 988
630 171
143 742
493 521
494 411
481 472
93 386
246 25
961 225
369 971
544 47
995 681
96 859
481 50
838 84
767 920
584 686
144 609
892 483
376 721
406 368
875 790
830 996
283 827
231 940
629 237
898 322
52 265
905 449
581 884
924 971
530 953
767 635
799 391
354 771
288 361
232 16
201 644
304 705
564 404
856 451
975 455
117 768
827 256
243 99
126 150
211 349
466 650
88 756
508 76
161 183
670 551
699 963
61 217
364 969
627 828
289 285
598 512
481 592
815 574
511 248
997 926
243 171
15 730
210 967
582 857
650 709
240 909
295 641
958 797
577 932
527 588
899 610
922 488
118 957
153 172
300 760
280 534
317 612
362 633
245 350
724 749
596 295
288 418
941 763
564 753
231 899
769 915
527 771
244 255
556 412
591 48
842 107
217 253
248 872
234 472
674 712
105 160
719 4
190 343
755 856
719 955
655 612
439 145
452 711
731 878
140 327
235 4
17 794
903 76
740 808
311 758
631 542
594 290
979 572
544 738
523 616
496 366
479 826
83 830
83 902
591 84
733 677
461 872
354 27
290 857
961 290
394 995
238 374
745 427
609 344
168 597
413 923
502 559
257 866
940 155
930 88
896 57
903 438
275 610
156 536
515 942
888 288
874 999
670 578
324 852
848 903
869 447
79 10
801 959
708 454
634 247
547 53
542 5
259 282
775 60
975 129
217 794
935 546
831 899
504 561
710 476
296 913
855 217
707 516
498 663
713 100
430 306
309 678
242 801
791 250
592 605
403 756
756 974
952 686
969 126
162 652
708 715
625 206
919 481
432 169
863 278
910 502
863 229
240 90
659 563
389 205
686 205
481 115
612 400
67 558
40 584
318 689
472 146
852 886
452 625
462 514
90 500
549 956
293 478
133 225
305 182
380 547
937 645
496 245
946 690
470 297
149 921
156 274
560 591
232 698
694 280
950 725
475 26
725 244
120 207
595 420
221 663
389 292
402 451
728 330
517 275
203 423
151 425
266 686
543 884
565 25
301 958
974 844
432 271
87 560
137 719
274 938
798 151
215 969
16 329
513 699
949 188
577 160
142 105
514 382
98 704
59 4
730 756
40 279
891 883
729 551
167 783
26 611
652 759
946 641
363 647
708 47
274 211
928 837
251 144
3 952
35 668
43 537
587 217
308 212
979 422
117 122
178 326
356 591
239 870
918 948
275 275
176 318
125 570
177 573
316 63
933 606
577 191
835 826
122 85
432 45
400 328
563 695
178 3
126 278
127 213
27 874
81 951
149 336
60 256
323 808
35 36
544 151
724 953
661 990
479 832
718 265
506 746
297 792
152 945
554 417
741 730
858 348
332 690
979 766
713 478
486 831
840 401
557 340
284 426
481 205
256 883
333 56
874 243
601 812
251 757
272 215
488 887
186 361
724 828
739 471
700 930
626 705
529 493
579 787
82 554
997 864
975 117
693 666
999 68
602 388
139 41
910 672
264 75
971 593
265 62
284 971
523 990
223 846
656 176
98 182
749 826
371 54
531 710
711 816
41 955
540 326
40 332
342 845
774 327
782 245
636 6
798 706
160 58
174 310
188 147
803 124
181 769
426 159
92 870
89 609
665 98
175 244
643 486
847 429
969 193
433 219
940 366
465 109
306 236
822 905
701 621
324 326
658 975
491 299
483 318
981 557
901 32
284 965
611 543
426 952
265 59
126 773
657 182
118 746
66 414
480 816
452 502
975 914
285 925
652 186
823 309
395 573
127 445
290 434
336 256
877 366
950 668
557 170
4 524
340 907
302 246
122 98
15 974
483 978
157 953
375 501
24 203
385 735
382 2
9 345
130 456
402 223
57 972
300 171
715 890
155 248
704 55
574 23
456 958
185 517
618 69
491 915
230 560
865 629
611 405
249 988
538 791
992 740
568 796
869 158
928 975
987 863
479 126
731 136
255 28
503 572
780 24
121 92
858 93
714 70
573 784
923 946
7 229
599 756
925 371
463 621
450 3
277 626
251 445
801 59
674 266
631 493
180 883
895 705
538 993
524 883
428 523
46 451
345 691
904 407
632 33
162 119
970 22
32 128
837 795
169 194
211 960
321 618
321 789
687 625
520 316
992 594
888 428
770 992
208 768
970 830
87 102
518 533
798 417
804 666
164 600
633 165
801 348
619 474
155 430
568 540
628 958
300 837
609 381
463 24
141 716
221 320
508 835
604 598
616 835
393 670
416 836
547 162
76 280
247 366
994 686
98 386
852 944
938 300
656 133
510 155
31 624
625 93
462 535
195 865
40 292
680 398
297 616
847 179
668 955
20 412
351 141
558 476
42 665
874 277
628 492
182 777
790 458
607 429
645 682
587 921
68 797
544 497
704 739
683 959
906 805
34 190
481 484
275 728
517 977
402 26
37 699
535 707
610 164
797 136
90 396
885 467
870 813
441 295
100 805
913 302
941 143
313 251
512 642
969 536
357 120
964 674
835 209
73 80
756 597
717 263
267 702
119 513
877 556
763 209
157 374
24 768
821 488
442 660
4 159
208 444
347 359
55 253
319 974
157 856
538 254
119 137
58 630
331 210
841 898
975 150
843 847
496 622
667 288
164 511
302 676
609 114
278 861
771 923
896 242
354 387
111 446
569 790
703 943
777 742
842 823
636 94
695 711
850 599
558 271
71 230
389 567
403 244
198 730
1 685
358 517
368 450
384 477
853 639
312 110
247 493
937 356
162 153
719 358
773 259
230 334
467 248
505 450
710 625
867 326
623 466
466 904
432 668
151 371
834 843
367 660
527 40
5 968
33 8
597 124
777 267
371 955
353 958
402 956
770 929
790 2
103 714
634 66
760 353
650 752
784 746
227 274
696 550
526 987
58 377
865 442
638 254
405 113
504 806
425 366
440 117
261 533
569 294
104 179
994 273
475 541
152 364
204 79
962 655
292 854
364 359
73 79
476 75
957 541
80 530
941 231
63 228
115 687
691 140
516 220
845 357
666 401
353 713
763 804
61 707
328 744
15 799
247 803
812 781
450 512
234 505
38 727
359 638
69 760
927 254
996 476
130 852
749 940
603 122
471 423
570 867
681 1
843 106
194 406
61 545
828 355
884 804
444 422
424 507
636 945
628 923
426 179
287 222
918 662
222 702
776 658
688 446
255 281
705 905
979 169
576 609
412 757
904 817
432 836
723 28
161 945
714 436
877 569
206 475
764 120
675 550
742 364
855 836
459 480
960 931
136 91
931 436
672 559
310 138
921 810
158 15
811 680
706 608
317 47
718 708
304 721
857 328
41 822
360 669
899 423
904 865
355 860
728 290
338 295
564 166
119 975
508 414
114 758
946 455
562 923
632 199
480 529
320 598
162 6
890 426
873 989
897 809
427 652
870 268
506 431
116 534
354 283
914 25
791 924
940 817
877 55
682 7
534 545
536 943
512 870
637 74
740 690
820 949
832 276
557 240
190 774
773 112
603 455
529 862
105 889
775 230
189 339
518 961
713 39
522 355
787 597
249 957
421 959
552 228
691 59
830 392
328 356
7 454
377 25
106 559
512 421
300 487
322 797
819 382
746 445
964 235
484 27
926 436
802 850
797 246
427 601
287 627
559 466
794 527
452 835
916 315
228 432
546 795
789 279
634 263
439 994
328 965
962 577
789 509
861 885
331 452
784 70
163 482
211 799
255 988
828 188
392 514
462 211
617 690
196 488
986 891
770 871
510 723
789 982
845 18
589 16
227 541
474 843
839 76
149 787
341 876
346 421
684 205
565 661
377 324
297 176
850 339
642 642
252 805
589 994
606 594
619 801
460 273
210 727
940 721
835 710
348 638
341 925
242 539
433 118
58 42
532 672
357 845
728 477
236 393
178 565
785 22
342 26
734 696
695 666
99 97
911 833
436 309
845 292
857 316
274 950
85 99
19 646
720 571
786 256
693 769
741 880
284 260
909 938
1 187
57 981
731 476
513 682
78 910
259 98
570 608
432 230
417 7
712 980
725 716
642 833
23 860
37 514
849 710
955 129
638 633
416 446
388 443
559 355
177 139
637 751
963 296
508 805
782 607
442 10
755 937
743 170
203 642
994 211
975 236
325 768
772 146
517 511
639 485
523 236
397 602
917 332
726 794
949 867
901 345
761 326
746 888
522 970
656 460
85 683
927 844
325 877
403 126
790 375
883 634
956 403
283 846
306 848
970 704
988 480
909 399
837 850
914 27
777 545
478 928
301 27
824 368
674 418
731 910
317 63
408 859
626 522
737 964
885 363
911 202
695 517
374 225
759 501
412 793
902 623
453 416
906 713
962 310
356 591
693 464
890 5
14 382
213 784
673 830
780 726
574 46
696 648
320 509
494 231
455 723
992 549
166 836
236 704
469 457
251 794
792 446
115 611
718 405
838 429
26 314
369 743
110 86
950 676
147 381
10 129
563 719
551 730
352 866
940 125
89 774
480 357
556 304
322 592
606 736
156 178
709 731
11 152
207 689
865 518
696 504
212 818
528 543
220 942
467 316
176 425
175 375
610 375
953 668
390 845
896 325
39 590
17 494
123 384
961 215
754 912
494 446
330 90
815 786
662 145
159 489
882 981
814 891
905 232
640 732
840 944
740 718
472 153
958 661
335 128
61 121
16 64
261 615
414 961
943 296
829 972
388 273
418 968
694 834
181 153
976 823
606 27
544 570
942 955
924 86
345 295
874 646
667 313
854 972
583 375
784 938
977 950
11 133
814 427
360 460
439 72
417 477
458 781
6 625
545 357
259 260
392 789
592 182
843 960
504 852
358 573
274 895
27 463
283 291
320 916
330 786
966 487
747 735
443 655
621 836
121 909
652 372
885 530
695 729
184 239
555 175
738 282
222 111
90 32
13 701
23 485
630 851
970 486
655 92
553 783
605 753
982 173
478 712
326 830
912 567
147 236
735 661
35 911
363 986
198 63
623 35
955 805
124 263
204 691
908 444
205 255
183 562
497 85
73 614
173 586
722 801
251 89
804 367
353 394
137 257
455 174
851 3
957 829
978 734
186 40
466 831
670 327
514 598
185 35
765 873
25 861
741 510
929 870
875 852
988 853
704 539
766 268
856 79
851 747
842 937
390 420
833 918
12 117
958 158
974 769
355 158
515 999
897 143
275 705
19 484
485 975
497 664
2 714
270 358
7 505
51 31
487 239
98 744
351 91
867 513
489 502
330 247
393 753
759 682
995 564
804 120
235 416
603 72
363 494
158 552
17 462
309 920
782 593
516 445
32 63
401 687
904 826
858 418
325 489
557 457
120 166
711 430
606 737
102 100
433 290
127 94
767 570
856 828
905 115
847 141
398 20
505 72
469 622
60 250
102 529
374 27
690 152
187 120
134 592
539 419
85 742
425 358
899 318
645 732
722 780
571 569
577 151
546 68
784 945
870 532
373 288
695 104
346 952
104 598
740 855
968 69
958 48
372 74
948 705
611 599
81 180
553 895
865 442
412 412
431 363
626 514
960 639
170 929
567 960
286 142
159 678
31 938
28 330
769 338
170 83
690 301
220 812
240 41
615 940
264 583
252 892
887 91
185 621
405 933
873 527
885 442
703 603
855 203
767 283
350 684
310 476
835 399
405 979
656 15
969 5
637 901
934 29
134 279
919 66
882 796
336 110
590 777
461 128
849 375
8 131
446 882
54 605
324 723
395 945
937 463
577 45
947 63
485 93
726 966
963 342
273 390
244 451
232 939
87 284
763 326
678 290
654 115
444 965
647 331
110 286
428 947
471 5
258 147
218 820
622 33
555 497
848 531
958 976
659 184
455 351
751 440
129 153
79 263
784 540
180 494
950 258
607 458
873 116
131 899
859 234
361 663
265 260
817 508
789 932
600 313
421 186
244 390
305 879
82 807
600 282
201 621
700 462
365 837
369 570
940 727
466 247
444 784
980 110
267 672
354 808
534 949
615 396
83 6
839 380
118 577
710 376
408 822
439 513
275 722
502 415
687 781
606 844
785 740
469 943
319 551
75 426
973 500
399 997
994 187
418 312
668 703
201 828
488 843
343 579
627 531
985 396
628 735
160 384
703 924
3 336
851 98
698 564
445 487
996 237
355 722
106 804
906 281
689 649
649 388
276 389
723 503
536 576
761 604
247 940
582 743
605 759
729 472
542 733
718 900
990 748
309 517
111 167
106 245
735 708
323 343
63 198
798 550
789 195
328 796
563 590
670 125
750 590
1000 73
767 262
89 141
397 755
617 914
554 713
539 925
122 822
511 582
175 198
145 793
591 925
928 856
892 688
368 46
459 756
224 13
838 957
373 729
234 417
150 579
721 811
29 968
66 288
484 72
884 309
670 87
518 135
665 854
946 33
59 859
38 330
162 477
2 708
602 425
148 902
675 488
847 819
321 286
919 705
474 685
422 731
587 640
555 440
492 312
262 697
567 579
69 903
733 775
179 602
361 148
379 739
75 839
641 211
550 488
57 290
202 357
230 977
155 956
181 624
360 629
495 353
349 998
19 915
361 781
457 96
905 769
704 335
715 82
913 770
924 692
769 769
915 697
315 598
251 276
556 175
485 670
405 296
459 676
453 414
598 519
196 852
578 779
449 834
109 256
141 73
963 228
262 472
981 392
29 74
85 150
448 142
843 706
385 70
451 102
861 144
605 803
597 192
260 927
912 260
800 74
248 414
460 776
288 582
600 274
469 358
991 957
650 660
890 905
858 643
948 483
122 466
197 619
27 875
847 847
397 766
348 14
351 915
717 710
960 836
196 879
217 113
772 422
385 753
283 267
336 744
591 611
84 299
102 14
991 358
532 42
462 6
273 766
139 232
112 96
173 368
402 136
987 747
625 194
245 397
621 592
515 931
498 222
563 171
608 884
927 879
778 32
885 334
440 953
797 427
677 109
39 268
529 892
946 676
736 778
558 865
561 185
419 878
39 5
528 35
460 46
237 656
673 649
809 470
888 648
44 822
330 869
686 23
537 355
535 300
487 101
781 556
581 741
505 113
942 911
282 569
33 411
696 400
18 502
98 852
97 609
97 976
817 473
522 569
723 469
416 348
473 980
24 958
715 812
428 170
901 916
705 399
591 715
768 192
836 974
896 322
691 6
842 713
65 424
476 67
413 915
791 243
259 205
169 103
130 335
308 123
174 692
69 700
446 14
254 126
743 905
876 463
775 454
769 497
891 602
755 4
169 700
948 369
559 754
960 688
218 372
434 147
336 688
15 345
431 373
657 212
875 144
965 851
652 202
597 825
317 607
696 332
190 328
293 959
43 322
979 544
220 853
68 498
275 983
70 93
953 830
385 17
272 249
483 455
146 520
439 232
913 671
161 899
45 584
244 355
346 197
676 271
542 314
844 825
655 889
90 200
556 627
446 14
567 270
759 729
569 442
405 78
942 243
376 170
381 186
536 239
249 620
482 782
675 529
386 559
533 894
19 354
224 100
816 441
47 126
759 347
746 519
473 707
196 2
76 448
462 752
841 827
634 254
806 283
768 940
868 676
556 967
378 491
262 383
216 12
520 666
621 885
68 663
882 32
964 948
981 709
440 97
967 357
307 651
214 824
934 650
260 392
900 267
22 764
292 366
165 46
291 641
880 261
799 115
49 92
813 826
660 545
867 438
859 647
999 443
628 804
718 51
81 332
518 546
295 244
28 304
944 87
583 547
121 597
315 962
684 319
551 875
791 965
184 381
12 872
355 775
407 616
151 423
563 327
872 828
837 227
478 37
311 920
796 944
231 412
569 932
789 18
282 311
896 631
166 736
594 368
649 358
479 442
457 871
363 769
92 218
393 882
448 982
980 56
642 536
762 890
960 921
507 3
79 558
711 890
325 550
997 128
95 792
125 396
269 194
775 426
849 899
634 887
492 178
606 719
321 164
378 688
232 498
479 324
388 800
978 523
174 424
230 254
656 325
240 813
378 976
489 586
424 815
8 788
337 625
949 773
634 707
271 197
858 694
711 868
395 214
483 891
31 740
20 372
657 230
624 118
792 682
768 482
159 326
115 904
936 691
130 907
804 949
138 737
740 765
845 292
852 111
689 227
426 36
647 426
684 785
77 981
551 839
445 289
912 705
4 204
823 289
100 208
879 722
642 652
608 343
616 707
653 619
508 122
383 216
192 614
743 968
288 756
544 327
55 264
875 447
802 335
312 233
147 156
596 707
175 950
949 573
289 672
616 939
309 425
380 238
637 450
869 203
640 826
113 354
950 85
518 864
685 329
490 181
687 359
378 559
714 488
124 478
806 798
300 526
842 6
651 608
144 493
91 504
941 920
300 304
538 538
619 796
933 202
862 141
833 362
537 430
353 681
731 330
105 906
873 964
253 251
819 405
504 383
563 633
847 836
873 602
739 62
657 972
387 946
754 927
967 300
473 249
486 801
268 473
65 102
936 365
606 487
836 285
806 529
243 453
159 888
190 567
306 961
440 367
926 218
832 69
411 765
498 214
552 449
686 436
150 921
640 585
531 763
862 824
984 545
670 212
131 555
13 527
886 948
576 197
710 881
391 782
749 157
957 503
752 248
666 610
41 715
425 233
302 989
810 143
456 401
617 31
854 822
605 491
335 110
994 982
923 823
319 730
499 613
145 28
885 102
214 315
401 764
827 148
110 359
295 81
749 632
286 237
533 744
126 825
838 247
981 451
590 453
353 370
959 444
382 579
678 723
252 279
430 117
239 794
107 688
845 470
920 47
699 734
905 344
929 587
802 527
689 227
558 913
948 429
800 658
21 622
206 760
699 327
728 333
548 44
566 32
949 918
104 173
746 858
515 761
5 857
371 887
302 830
859 133
928 731
174 807
437 548
34 451
412 97
296 268
834 33
214 120
885 74
148 954
915 106
482 344
602 977
617 373
133 204
901 984
517 300
634 524
958 677
716 118
438 456
317 146
65 321
467 279
823 945
223 422
484 533
55 671
560 165
644 379
469 646
893 971
860 848
963 208
816 17
187 265
824 849
543 480
50 956
717 941
587 291
78 601
791 363
608 613
975 156
989 705
910 803
562 757
268 928
905 739
395 217
279 114
5 261
486 325
163 842
812 242
919 216
835 84
131 484
767 482
512 262
891 789
849 331
676 374
493 867
396 325
160 196
320 787
626 293
891 441
598 484
505 231
709 865
597 318
545 329
715 62
210 499
678 881
516 206
371 814
31 994
877 815
974 170
623 35
233 624
181 781
667 937
875 755
580 709
444 911
103 768
612 882
637 380
735 220
833 333
608 141
771 467
274 936
341 948
627 514
513 127
124 815
736 417
10 782
212 740
264 368
71 883
43 125
50 184
356 734
656 767
122 148
904 904
901 488
262 584
364 665
338 576
696 289
759 893
407 80
5 519
642 488
48 306
527 911
824 303
183 176
567 292
553 130
462 152
758 511
184 40
851 919
484 893
658 850
927 828
193 458
408 540
649 367
771 971
408 192
7 762
704 561
872 716
677 567
197 723
611 934
771 683
886 828
808 301
273 91
880 134
760 202
740 509
909 117
502 112
478 889
135 920
781 89
434 96
823 484
414 594
414 44
975 170
879 320
181 857
461 227
915 259
260 691
817 249
798 306
203 432
682 233
873 65
288 496
13 895
654 247
695 828
534 713
404 756
886 899
355 815
422 265
543 307
261 34
392 377
317 7
561 900
227 104
595 997
40 47
889 217
834 98
83 417
187 413
259 592
937 254
954 793
677 560
44 167
548 472
952 587
185 99
793 2
441 166
15 124
501 820
903 902
164 788
631 313
534 185
187 753
754 864
763 382
321 221
242 358
672 374
360 617
458 742
841 12
228 92
773 423
640 754
542 559
58 374
268 564
174 420
572 52
424 785
989 47
226 794
274 160
801 339
619 626
961 105
131 449
117 465
243 973
487 598
374 795
590 879
99 539
59 78
119 875
115 930
568 234
136 766
171 966
952 904
710 639
460 699
214 713
586 901
43 102
772 209
415 162
695 951
819 269
469 775
426 445
83 866
428 577
812 369
581 455
684 947
443 38
949 84
67 461
974 896
12 723
894 36
50 596
638 622
293 451
885 704
839 10
289 673
194 635
917 715
408 331
93 966
225 913
243 892
296 164
158 611
574 434
70 726
974 162
97 716
343 971
289 392
950 802
260 959
633 440
739 509
572 450
787 656
384 200
671 419
879 806
243 653
154 349
259 176
811 435
490 810
795 567
267 375
621 406
860 284
25 89
614 766
554 860
711 266
561 105
791 866
799 843
574 286
991 812
325 384
634 399
984 351
896 174
619 485
454 285
786 457
186 485
519 910
97 930
151 410
906 462
93 728
377 716
110 702
605 77
228 256
729 862
572 59
743 736
751 83
840 151
228 365
157 292
884 757
706 483
877 930
21 118
928 13
259 567
820 494
172 578
992 295
570 401
540 671
670 862
377 608
771 285
780 945
281 566
456 428
947 943
33 153
57 881
665 554
351 423
150 213
428 490
458 669
540 231
122 73
39 830
376 572
656 453
369 931
182 148
512 194
110 479
713 311
583 479
863 117
860 841
478 27
590 573
201 659
16 240
661 651
377 51
748 807
381 329
292 21
837 773
910 359
274 386
599 565
198 809
977 640
547 238
411 376
345 347
245 224
493 60
830 668
460 746
22 442
156 40
108 158
108 233
808 116
847 720
906 266
822 70
818 163
234 207
181 789
54 109
47 676
195 860
83 685
961 780
773 836
653 987
161 918
445 552
136 511
990 193
650 998
383 86
679 596
859 363
637 345
347 962
310 367
642 767
294 373
47 658
65 733
302 425
51 78
855 283
518 58
750 998
928 625
185 529
34 413
349 843
322 756
298 778
521 161
410 125
678 580
766 907
98 677
49 58
658 156
795 361
72 724
199 605
970 796
397 952
922 413
825 997
476 503
562 214
315 739
260 470
620 642
630 647
937 469
725 910
663 906
279 298
528 478
777 64
794 102
306 834
423 684
533 611
843 472
211 829
433 732
167 211
214 511
448 999
820 43
954 693
601 880
893 310
181 703
69 71
928 751
656 55
145 651
395 796
296 457
118 839
773 781
635 971
942 76
227 426
493 914
953 960
424 140
676 190
600 919
786 272
954 871
992 103
89 40
514 520
954 657
921 564
70 284
848 710
91 672
679 184
276 607
320 862
149 168
973 761
791 750
80 117
706 447
120 331
982 277
107 840
681 977
294 756
500 779
911 452
766 971
972 793
375 276
873 183
814 459
398 191
236 268
487 293
431 445
578 426
256 586
684 611
933 839
853 384
768 793
103 694
813 662
587 78
872 543
476 387
701 893
681 704
302 426
111 752
753 332
566 500
367 909
335 481
551 341
908 527
928 622
40 235
594 71
899 157
326 867
919 619
393 479
518 549
134 887
297 167
65 745
314 826
940 24
715 426
557 290
957 713
350 947
443 411
852 96
516 928
849 669
740 950
843 664
411 460
698 35
452 520
877 637
880 330
78 650
225 871
154 263
655 7
810 103
862 390
20 168
94 47
418 23
698 844
170 256
146 672
468 182
601 229
128 921
527 54
293 659
623 535
3 578
898 71
426 18
971 341
792 648
498 640
576 655
185 134
325 607
793 30
851 297
126 630
183 540
679 45
186 412
423 346
601 557
135 211
360 964
257 783
242 255
630 93
371 344
762 306
863 869
403 864
296 363
101 833
699 199
712 184
491 987
568 760
933 383
845 51
707 862
681 732
306 277
981 997
51 103
243 98
157 755
733 332
529 884
165 992
917 760
459 989
834 162
51 154
366 521
84 797
635 846
498 644
942 746
60 536
713 725
966 366
329 888
129 948
704 365
998 218
20 9
623 870
174 81
790 526
637 929
132 227
392 46
867 248
408 166
732 151
203 715
395 540
178 60
486 320
812 132
81 743
64 433
124 938
984 542
531 910
968 697
966 652
147 886
519 943
558 258
654 737
851 784
40 222
984 224
52 342
566 987
453 312
858 17
187 58
910 635
625 986
337 824
824 368
427 124
747 753
107 149
753 278
737 717
791 291
403 755
491 136
188 681
986 971
177 895
554 420
274 639
489 440
839 319
772 183
792 514
769 830
436 751
582 182
227 728
623 667
796 669
420 413
496 951
392 578
941 957
683 954
132 514
561 58
162 509
514 538
939 39
24 207
675 89
387 762
715 187
168 734
970 606
662 926
777 419
8 197
638 770
326 892
90 868
787 991
971 913
872 288
323 395
64 131
974 673
450 832
864 525
347 405
581 367
649 801
23 279
552 146
172 262
97 112
742 678
22 447
809 374
696 961
736 959
377 850
184 113
410 938
570 399
726 135
126 774
341 912
739 811
99 563
752 762
166 448
919 535
291 875
564 377
265 542
314 74
564 420
502 496
772 408
250 727
787 868
339 341
355 194
828 397
958 943
233 125
92 419
437 303
904 698
516 188
243 518
921 420
184 274
34 471
78 96
303 351
298 845
542 628
418 456
170 839
18 870
327 231
387 49
888 175
919 892
522 61
447 104
206 621
813 379
227 149
618 28
577 206
1 208
679 489
418 472
541 616
648 449
571 704
859 970
785 646
247 217
581 743
436 511
96 62
508 439
105 370
15 307
224 389
698 303
548 38
547 76
334 520
295 238
556 681
261 575
567 292
17 786
477 63
450 976
255 102
227 622
204 446
789 117
13 866
140 553
167 258
886 459
348 279
88 407
250 553
864 583
258 553
203 526
266 319
641 269
380 357
548 305
5 369
589 403
38 991
359 7
623 533
666 725
839 254
889 220
741 544
172 442
890 845
719 973
565 582
945 485
237 211
718 143
83 908
446 860
261 427
652 823
484 368
775 675
599 428
428 163
29 286
530 240
432 929
572 655
636 132
75 528
708 152
970 472
286 870
912 992
266 927
41 387
774 474
789 644
501 569
608 46
155 740
793 50
531 260
3 877
370 769
254 407
161 821
182 629
478 743
235 711
395 921
760 483
326 635
37 184
840 69
421 892
70 800
288 407
907 590
562 933
28 990
650 288
50 89
420 716
28 704
832 450
722 339
857 117
603 35
206 103
984 633
756 133
159 220
26 303
160 592
923 833
923 618
848 381
353 765
524 431
823 919
70 167
950 620
554 955
405 434
504 850
981 908
828 178
476 488
236 202
99 417
893 577
72 493
143 462
317 951
348 725
775 110
61 224
991 773
517 764
581 601
124 312
848 390
981 273
855 778
672 569
507 113
89 963
594 935
967 665
814 641
174 759
828 660
829 165
566 716
193 976
681 487
408 673
160 568
567 780
71 892
77 683
784 688
893 233
314 105
440 472
61 578
569 811
911 2
359 220
754 915
230 823
939 860
982 173
781 816
27 419
660 317
891 584
811 198
875 402
934 282
411 778
552 682
189 427
551 423
610 239
259 505
413 26
330 529
821 365
879 336
319 12
7 854
235 617
346 964
290 247
328 250
6 711
297 946
418 6
412 995
382 157
169 703
252 736
151 565
478 936
751 15
461 921
374 741
739 196
791 809
275 406
951 865
403 719
888 345
145 413
142 182
299 958
373 427
357 153
793 472
983 782
300 686
357 681
627 500
741 611
153 405
204 41
107 872
74 795
211 847
857 790
606 752
954 283
45 783
216 30
560 210
202 575
870 827
205 292
110 818
56 813
297 785
463 823
237 6
1 186
180 692
866 755
11 106
522 523
908 866
835 493
564 547
582 460
365 432
511 275
381 335
653 131
230 35
819 304
660 883
146 836
866 369
53 939
621 291
411 654
231 341
408 960
629 884
532 84
170 253
226 924
490 916
835 819
575 621
89 901
784 263
636 946
85 388
440 911
988 571
981 444
967 886
622 678
204 756
754 639
996 136
647 945
340 336
986 47
159 607
535 581
681 835
79 546
909 775
997 493
593 51
961 485
493 519
245 264
744 644
34 357
723 499
908 106
467 915
122 30
523 559
151 640
480 678
84 942
851 370
19 895
155 625
861 962
592 919
566 341
161 490
748 199
327 677
883 541
320 293
371 353
725 231
368 438
884 440
674 630
78 715
163 116
450 687
451 282
656 71
615 636
136 1000
598 588
833 422
475 188
209 767
654 310
836 446
187 192
309 801
689 144
422 108
907 277
670 540
755 982
742 717
178 408
947 173
162 324
359 54
188 982
232 760
122 639
88 508
838 484
563 626
777 110
940 180
333 288
840 657
443 4
937 3
135 326
948 41
502 223
396 230
271 299
149 24
943 92
409 850
675 245
103 914
898 583
663 275
321 575
655 389
21 590
761 160
972 176
106 501
629 678
149 637
827 188
286 263
510 579
632 478
809 512
791 945
893 19
839 10
485 17
723 200
616 539
374 668
219 533
726 159
684 775
356 579
616 592
165 958
101 158
460 546
873 334
198 288
929 747
436 112
331 735
4 202
661 707
521 256
643 173
567 737
53 677
335 592
518 431
905 468
374 884
333 126
857 712
609 821
510 653
478 245
34 183
907 27
426 615
305 155
140 960
612 75
991 893
521 229
470 257
82 897
953 437
579 776
483 261
673 594
605 691
742 625
242 491
311 564
385 238
286 661
639 503
760 835
882 440
631 321
798 206
329 693
452 265
591 442
758 742
855 478
677 292
971 557
915 274
760 900
513 728
384 358
978 833
672 99
830 439
10 636
488 391
725 289
625 537
616 339
683 737
954 362
62 689
741 895
950 717
358 851
731 461
55 927
55 670
262 946
660 193
627 391
468 875
6 443
559 412
30 355
680 424
779 292
752 657
885 386
306 698
162 2
741 229
820 895
70 655
209 48
147 623
17 64
64 682
668 293
174 10
850 395
575 650
136 302
548 636
313 563
975 603
451 999
769 97
582 310
373 290
81 286
691 7
37 497
678 965
535 231
134 771
522 833
215 607
131 591
968 386
443 67
29 343
185 964
806 376
750 652
14 313
54 371
868 691
957 25
429 883
1000 455
992 552
376 415
409 352
859 224
742 235
811 491
469 855
988 616
132 346
546 834
88 267
153 367
479 42
379 745
165 140
462 263
107 360
891 461
587 788
96 335
590 168
319 786
982 9
373 604
604 448
444 895
171 841
305 418
363 413
558 415
671 456
601 294
503 363
980 713
567 603
155 606
70 160
937 753
112 695
419 367
197 313
187 491
40 602
790 292
248 370
879 613
114 215
170 805
933 305
401 61
828 253
867 204
272 275
872 870
804 816
742 337
679 509
863 14
973 950
585 134
438 83
548 35
814 266
48 10
987 867
804 280
147 539
128 402
675 970
796 651
928 301
215 330
114 900
417 713
708 917
648 943
518 223
391 519
323 800
923 975
819 296
900 106
450 788
786 366
39 267
526 271
326 572
92 842
935 319
520 395
253 223
525 303
215 575
119 939
770 129
251 219
901 544
730 211
659 568
898 874
901 64
860 658
726 935
287 530
101 916
596 868
774 629
64 183
921 17
125 582
74 118
456 62
991 676
405 388
405 871
855 597
188 377
208 357
262 893
439 873
604 981
605 796
609 6
583 726
693 575
575 872
915 574
939 185
339 594
652 948
649 922
161 656
916 804
794 695
448 87
821 47
780 690
995 636
653 42
836 308
745 408
127 513
365 65
963 403
736 428
322 939
901 927
624 817
741 99
136 200
27 947
495 717
398 353
7 595
466 217
646 777
415 380
612 474
337 143
80 492
326 921
348 218
27 88
829 450
295 333
476 800
31 427
351 993
145 156
584 297
176 604
85 654
590 284
87 250
581 512
363 324
101 266
340 520
322 837
310 115
771 458
837 952
332 846
196 77
429 554
95 982
240 874
977 417
791 503
846 185
659 333
291 92
214 613
681 645
315 348
862 994
464 947
891 886
883 181
79 320
314 427
506 531
937 635
611 68
24 237
587 55
187 781
752 771
696 684
963 257
644 207
994 713
431 726
558 124
619 950
910 891
129 552
667 807
907 424
338 959
139 526
885 773
675 248
938 761
307 438
242 716
231 605
931 390
678 205
247 226
28 939
611 637
704 648
121 858
359 367
718 504
263 83
549 562
309 943
930 630
96 604
119 463
11 766
482 364
447 135
773 774
726 643
741 574
394 99
716 676
724 506
16 569
621 891
913 470
848 17
454 907
566 821
833 793
649 219
854 88
649 357
592 802
362 335
237 198
956 81
29 462
146 169
246 705
395 694
419 42
84 662
752 375
516 208
832 66
911 739
432 220
700 982
705 301
159 589
825 525
367 451
875 551
137 266
826 224
131 916
98 548
2 942
648 10
637 56
580 251
543 134
982 15
65 706
103 175
325 399
427 676
548 479
654 183
657 983
147 471
892 142
902 998
153 833
772 900
486 842
782 771
384 644
834 337
710 865
706 225
21 84
570 226
346 407
406 510
907 591
482 236
647 243
216 71
833 392
118 70
417 808
949 522
731 230
251 314
678 403
818 178
157 301
687 759
610 715
835 349
438 474
622 82
202 523
935 520
258 834
277 550
429 489
481 752
542 963
481 523
350 217
983 562
423 848
456 580
314 961
310 75
258 840
695 302
87 926
747 712
661 895
233 126
202 725
363 525
883 763
357 155
903 322
530 145
250 471
639 119
396 987
710 120
32 442
997 825
158 101
948 710
673 520
827 262
225 580
497 938
193 718
94 570
650 54
418 128
679 905
19 354
511 88
364 516
807 87
160 100
861 639
683 629
270 556
1 12
696 191
781 390
241 565
764 312
174 158
607 213
405 47
37 692
244 288
214 240
759 471
585 942
742 628
199 442
492 979
325 90
689 925
446 785
1 798
327 102
987 568
162 890
932 991
187 86
593 252
574 627
528 763
591 575
56 244
944 351
987 645
703 439
275 110
733 188
699 91
736 627
202 406
289 751
316 403
351 95
440 931
3 125
658 865
434 856
187 8
774 827
556 394
29 540
191 690
640 582
358 500
670 983
178 744
454 490
653 586
984 367
200 461
445 158
878 667
43 520
63 454
490 670
38 803
161 415
164 138
41 711
331 399
545 154
323 252
9 93
984 261
823 582
993 50
269 639
811 360
992 591
813 81
11 760
954 535
402 722
930 669
344 103
944 22
481 765
661 76
928 207
444 66
34 956
388 75
946 415
537 521
59 669
460 286
25 74
478 422
632 292
777 483
691 454
791 512
935 855
577 303
893 720
49 363
251 626
40 294
620 206
369 285
83 874
724 407
380 731
340 593
860 253
945 652
612 533
167 254
961 40
333 437
599 841
863 119
689 159
621 165
459 308
754 891
657 983
653 42
213 315
731 95
597 958
203 673
666 171
65 278
890 448
355 191
878 297
255 503
901 427
955 632
551 586
676 790
100 51
296 185
827 850
627 448
539 326
582 865
725 728
947 882
687 240
939 75
435 392
424 593
182 575
707 229
737 215
935 435
179 199
164 716
782 833
813 260
102 637
34 892
669 797
183 361
513 303
947 11
124 118
186 415
987 881
12 150
752 419
587 868
577 945
249 873
462 543
712 499
262 715
704 787
235 896
860 19
513 797
989 670
675 676
822 216
919 219
470 42
77 382
73 224
235 763
863 842
708 468
52 238
836 961
142 692
286 507
339 369
870 66
840 933
96 953
594 357
655 148
809 145
838 969
632 903
339 884
271 342
671 809
273 252
967 830
502 497
142 678
10 450
113 863
988 975
929 373
496 172
733 45
606 76
261 666
624 489
808 388
112 518
287 804
912 741
159 162
936 425
947 135
43 590
408 787
434 796
928 40
967 831
95 981
244 50
49 764
370 103
34 332
794 976
316 191
991 106
821 437
18 909
54 760
565 477
997 454
9 932
132 826
608 61
808 12
235 259
218 276
373 40
537 242
997 670
479 521
745 930
336 448
718 907
510 104
825 760
183 497
9 951
261 668
178 407
61 362
771 831
745 220
689 412
238 944
266 863
487 123
851 773
936 610
35 397
19 935
629 526
446 386
226 310
563 925
92 299
264 239
181 958
813 298
662 12
64 230
88 228
468 828
86 339
869 787
249 130
853 854
355 943
699 787
20 8
407 494
841 75
367 220
87 737
646 769
308 990
279 250
391 291
654 131
547 405
23 331
8 923
613 883
930 787
29 291
216 149
72 197
510 814
541 680
700 391
868 950
188 892
28 806
992 326
838 51
961 121
95 91
97 503
138 512
82 514
420 179
821 334
750 340
797 61
183 899
57 969
319 307
669 997
125 561
921 572
906 905
505 25
788 577
131 589
516 173
420 381
336 585
179 393
866 978
293 534
495 806
63 973
544 782
639 474
52 891
340 85
477 239
1 669
246 223
918 688
764 488
783 939
98 959
523 744
339 999
54 659
996 439
455 269
70 146
3 874
1 245
552 98
268 796
595 571
182 509
323 477
304 931
995 565
609 52
516 11
225 12
152 315
822 856
816 832
674 436
152 653
194 430
94 898
537 744
166 45
155 449
96 518
698 725
40 97
181 297
190 288
700 624
236 287
437 792
99 462
226 670
750 427
401 462
452 997
586 579
490 530
509 117
847 762
993 246
911 345
526 740
985 41
332 907
793 118
378 888
734 480
672 974
901 300
413 453
684 195
681 982
800 738
804 144
488 369
390 335
887 84
317 775
646 901
362 949
471 127
996 655
147 37
747 286
781 505
710 59
677 205
54 184
775 878
169 571
201 139
336 614
56 474
24 729
771 132
565 279
487 197
851 277
57 789
627 526
215 177
732 329
360 458
247 929
639 876
690 52
620 145
278 933
562 708
50 659
778 742
37 359
807 517
415 402
449 992
985 964
898 316
672 934
459 58
534 97
336 990
953 933
640 90
83 379
230 921
608 355
419 956
387 455
721 673
33 302
697 798
532 490
958 370
889 890
584 69
994 937
403 284
54 309
741 238
596 249
699 569
75 91
884 133
765 215
836 311
624 634
75 472
828 103
820 764
367 390
30 4
228 40
790 684
943 212
387 701
603 766
265 956
844 914
31 81
701 925
105 338
732 117
758 581
89 804
499 721
171 697
446 350
882 78
987 480
102 491
43 96
983 914
536 811
762 737
3 865
499 267
790 631
997 783
890 326
236 383
939 777
851 427
127 835
422 92
378 399
426 97
660 6
968 701
337 853
590 742
976 348
21 984
557 608
812 361
312 129
987 538
844 685
257 708
864 875
623 936
161 857
475 718
366 991
878 735
635 274
182 539
23 962
917 612
942 483
40 89
679 472
208 188
990 659
892 965
404 15
590 404
586 151
706 146
626 883
858 761
454 922
812 736
7 867
994 864
207 51
257 897
559 938
571 494
242 445
957 916
216 214
441 895
940 887
21 830
439 83
195 282
194 494
703 931
904 103
444 123
722 61
615 200
272 135
754 294
983 499
499 803
22 144
274 738
744 731
814 105
972 454
105 202
88 468
335 446
666 119
212 45
478 315
427 655
83 216
183 62
573 131
678 370
509 589
432 852
932 547
941 691
820 780
908 458
519 670
581 863
253 882
344 678
539 851
236 621
623 947
737 309
989 527
718 135
805 542
540 733
242 621
16 964
268 254
261 897
695 916
840 793
82 168
114 999
481 664
818 666
396 515
736 12
774 102
19 100
854 266
812 229
937 83
537 133
214 34
395 327
600 172
704 81
88 274
545 102
593 7
893 942
738 245
445 793
704 232
614 584
801 865
346 300
449 100
623 37
337 810
934 668
467 128
205 809
616 950
230 894
418 946
222 969
26 586
975 998
475 525
678 387
773 843
301 59
131 632
106 572
245 901
559 240
343 799
880 792
168 862
840 980
132 815
628 276
363 955
38 474
367 406
331 566
810 833
782 185
782 136
307 858
667 764
92 308
28 162
544 166
714 170
815 377
152 657
695 302
869 583
914 726
949 154
742 647
928 313
539 158
938 938
160 88
809 957
479 167
562 399
965 171
293 88
891 942
844 5
7 287
248 422
948 512
756 697
757 968
592 150
462 778
999 360
675 972
833 890
359 41
954 496
703 808
281 842
36 66
330 445
413 360
333 721
538 730
660 924
546 329
49 781
918 22
38 810
620 112
754 234
589 59
403 204
223 332
39 735
147 118
889 799
752 455
291 487
246 227
966 777
868 464
491 607
331 577
485 30
553 316
885 942
247 252
157 43
483 783
429 31
639 888
578 318
408 822
2 600
96 188
273 738
612 975
862 37
654 11
910 766
836 598
993 85
415 628
320 470
230 721
421 362
368 946
475 471
421 540
474 676
126 939
85 390
401 53
907 606
790 69
793 481
804 376
806 6
644 987
637 236
357 611
847 289
479 251
310 348
648 682
108 268
546 650
858 558
634 26
601 99
731 493
708 119
697 113
628 564
271 745
955 13
145 396
753 811
195 683
107 307
464 223
182 374
843 968
560 48
690 175
576 410
693 653
457 825
412 130
675 996
839 31
850 1
643 356
637 352
108 363
656 167
13 675
986 276
217 598
488 838
326 403
344 93
373 524
263 765
844 721
748 616
267 524
962 25
194 211
906 865
194 626
343 237
775 110
24 534
589 610
785 992
488 190
778 379
762 187
743 117
841 952
558 319
30 720
644 139
343 226
1000 957
797 72
767 255
319 56
222 634
478 678
579 980
471 456
557 21
180 120
247 497
971 374
49 665
741 500
871 937
592 984
280 268
254 837
880 276
556 298
878 10
524 633
879 140
531 545
625 601
379 373
657 655
578 779
494 606
314 70
43 539
743 245
393 78
748 18
690 68
110 963
919 421
87 460
444 975
12 122
183 241
56 18
900 817
815 488
403 295
916 192
688 119
419 833
843 571
791 925
966 439
765 315
482 995
168 381
242 653
571 2
661 604
538 357
840 534
529 940
642 315
331 834
983 911
940 557
262 628
504 920
251 238
282 507
461 805
733 214
457 206
855 42
885 195
561 520
542 398
912 527
555 434
767 450
903 154
403 888
995 152
877 835
113 16
620 81
290 386
552 398
929 987
816 176
534 332
997 818
781 706
37 145
100 324
633 226
616 321
911 690
40 775
656 68
160 221
475 895
760 738
49 517
251 715
199 678
305 921
279 411
565 24
887 795
215 922
312 873
362 554
616 139
39 274
1 805
313 317
88 68
200 765
542 180
694 686
490 531
740 745
750 419
654 258
950 324
539 411
620 527
998 55
270 236
80 975
734 21
139 577
225 937
656 620
1 642
594 205
139 871
337 716
674 315
57 408
330 916
376 943
181 525
563 375
322 380
457 392
361 68
718 56
784 709
954 477
857 207
768 366
770 787
231 171
459 850
876 184
195 819
782 302
260 89
25 82
643 787
908 701
641 739
19 426
108 120
197 770
518 379
647 499
653 877
447 941
266 488
209 508
658 130
142 457
104 701
376 681
249 17
400 596
182 361
304 623
374 322
385 227
297 767
287 803
478 975
671 850
662 637
776 843
854 160
623 327
961 369
937 379
588 823
805 983
65 46
247 512
788 131
87 670
497 410
536 79
236 985
801 186
159 898
103 605
879 29
809 712
48 459
395 152
117 836
932 365
280 354
8 244
320 684
446 765
798 900
378 286
303 25
452 406
85 694
536 507
758 369
773 437
899 581
790 400
818 696
164 830
269 142
201 923
161 252
278 279
680 61
870 383
327 753
649 797
329 841
82 915
546 221
297 404
156 246
450 356
638 908
941 866
879 496
316 917
968 219
223 860
480 334
611 453
629 584
799 183
306 164
69 191
19 415
391 39
658 510
144 339
982 262
223 90
807 946
408 67
675 858
74 541
124 310
265 397
752 766
637 84
768 269
682 423
625 745
39 813
366 998
599 749
435 624
786 829
980 540
997 724
388 271
134 681
654 925
961 441
512 460
326 805
179 526
72 145
61 371
671 535
78 652
983 234
182 657
175 683
438 308
843 408
418 700
355 608
654 99
538 712
118 841
55 585
556 30
791 695
429 307
617 211
492 42
448 306
254 658
621 253
693 372
195 927
54 712
641 18
938 249
443 794
992 325
738 24
169 974
695 464
659 155
420 35
608 968
195 950
28 625
548 378
329 187
404 738
302 772
769 559
900 958
431 247
344 72
870 690
501 900
841 564
207 202
616 342
680 188
167 93
142 88
981 26
139 290
326 832
684 391
890 504
835 706
235 104
317 402
251 568
549 306
468 180
623 785
749 645
222 984
244 280
982 374
959 925
674 847
417 185
367 729
860 444
719 125
289 332
128 60
521 361
507 840
232 343
285 574
244 199
473 971
778 69
515 300
970 515
294 236
518 637
608 362
463 556
289 392
952 139
360 725
689 69
869 876
413 445
256 35
388 827
577 469
882 278
493 536
990 893
304 616
228 125
781 322
668 830
160 362
824 14
429 581
562 708
758 360
515 406
248 431
685 396
318 878
283 626
109 268
348 954
343 179
907 520
128 434
833 340
420 867
562 307
279 781
596 191
835 227
547 986
694 298
376 815
193 807
261 921
322 799
922 82
667 878
220 478
976 425
633 189
221 51
356 572
974 660
111 276
925 477
132 714
552 581
572 710
921 695
72 236
12 674
50 278
12 408
949 607
174 455
457 329
340 795
48 472
715 202
452 182
77 158
279 149
624 399
608 480
694 598
381 994
731 267
316 292
786 105
120 276
432 221
602 905
735 674
886 488
893 663
746 906
378 111
802 683
350 384
255 773
608 245
627 259
592 716
358 182
998 49
396 444
176 737
581 36
264 952
428 675
908 948
665 290
533 879
455 429
336 856
814 373
968 755
722 679
306 157
34 612
623 632
202 63
605 629
281 546
575 733
364 793
697 879
609 364
316 422
941 354
192 864
15 361
365 800
314 319
577 76
767 644
53 767
377 909
680 872
759 163
370 650
237 74
258 434
403 98
641 340
28 570
293 911
49 736
847 444
324 562
541 667
173 16
921 77
633 151
535 779
261 623
675 558
215 422
905 613
918 668
635 378
61 701
527 61
604 578
630 727
343 896
879 648
645 655
97 331
226 172
276 605
469 791
801 249
507 94
133 414
386 464
467 87
399 467
615 938
177 519
539 506
235 953
493 158
934 521
791 127
220 332
342 910
30 730
324 3
31 329
151 255
191 736
671 155
2 669
412 839
422 520
333 860
104 582
2 442
584 462
451 387
664 119
702 510
185 185
165 677
997 255
862 687
790 387
225 455
902 522
382 899
221 4
612 549
503 965
347 870
459 7
739 838
973 862
131 197
460 258
307 598
141 424
689 182
334 314
208 505
828 738
749 966
421 203
41 142
367 816
345 969
463 987
601 992
355 656
28 692
729 431
262 374
845 509
763 381
599 459
957 755
931 246
81 392
927 917
730 486
192 703
645 659
733 954
764 978
282 805
436 250
359 79
486 69
111 13
609 738
754 392
470 636
315 725
355 794
354 595
641 565
898 208
22 444
892 485
756 515
131 309
808 671
678 290
964 140
570 248
413 215
957 392
877 949
836 559
154 738
518 420
837 467
766 917
197 629
389 603
266 115
157 113
786 556
143 193
414 890
358 143
30 396
90 692
529 500
590 124
886 26
547 160
895 328
339 797
672 613
934 963
420 722
824 192
536 39
441 714
142 543
884 184
508 103
24 402
331 547
938 820
256 978
761 112
677 421
337 49
393 484
921 32
68 505
997 962
53 386
68 248
444 707
306 997
943 570
200 124
633 210
247 656
679 656
9 66
801 425
976 39
551 794
261 303
129 374
738 79
926 76
696 496
6 263
578 638
360 140
248 129
661 463
942 479
747 846
34 920
411 100
41 825
482 224
298 242
812 787
649 592
733 702
830 115
438 266
812 489
390 301
170 585
126 876
333 89
404 91
380 249
33 615
883 94
651 557
201 32
436 248
497 324
649 999
485 266
643 932
598 400
57 958
389 925
797 768
542 607
106 552
160 350
925 296
382 750
441 225
648 969
281 131
363 171
970 599
941 988
309 749
258 418
882 422
842 380
800 811
352 480
806 67
212 933
222 825
266 826
420 556
457 710
43 342
118 413
984 534
830 481
93 294
239 975
351 949
647 238
425 485
739 132
135 478
578 496
28 66
904 97
516 839
132 149
978 392
137 67
148 204
529 338
170 550
293 687
890 843
998 923
271 815
480 83
325 136
354 982
919 49
983 451
674 297
295 416
687 209
847 260
317 842
853 526
228 853
77 875
611 432
950 476
778 224
38 349
65 561
130 216
568 712
311 560
181 146
356 791
993 82
13 952
627 487
842 397
387 219
181 298
824 645
696 712
51 968
333 547
466 322
412 789
110 198
632 673
549 930
154 40
384 498
957 807
246 379
848 839
344 633
807 396
155 441
867 239
57 279
645 900
680 354
559 44
833 347
795 876
834 978
769 749
549 9
926 74
343 991
632 93
569 6
123 362
931 364
654 553
468 806
951 680
971 57
731 864
553 280
351 907
821 913
42 125
591 975
856 272
213 49
744 973
337 386
63 426
832 583
716 127
4 660
929 368
124 759
944 814
487 603
844 470
988 679
916 696
958 189
323 953
304 283
427 65
309 405
621 486
602 185
98 160
66 97
142 19
257 597
295 40
962 134
666 227
698 348
119 222
354 186
880 261
376 972
366 121
830 624
636 701
890 258
370 196
589 542
859 721
780 842
983 301
946 201
506 100
412 969
107 672
699 774
478 341
598 773
962 195
733 921
412 656
255 402
291 547
637 113
801 66
269 670
864 309
808 74
955 72
515 677
976 813
402 345
773 656
49 501
688 345
721 803
998 222
113 650
309 622
2 492
81 54
434 177
627 280
202 635
877 352
408 288
127 885
62 459
702 950
441 947
455 786
474 35
80 710
793 928
672 828
685 294
170 198
981 324
662 767
66 275
704 546
778 490
479 33
263 413
391 87
294 258
792 102
417 763
852 987
93 350
941 269
301 88
373 353
125 926
467 529
847 674
933 224
738 644
561 119
302 86
362 572
137 647
169 126
653 185
874 154
895 244
715 137
802 409
784 231
498 815
698 30
786 673
363 857
446 253
3 921
369 31
310 396
153 988
628 1
294 472
744 837
991 320
602 57
796 584
397 145
13 575
849 166
249 718
882 213
856 357
7 783
322 414
468 247
606 816
264 591
564 837
296 99
355 524
970 220
532 32
987 350
788 511
154 82
214 851
18 941
263 373
348 359
953 493
443 981
216 995
278 816
632 978
761 692
989 423
300 914
649 326
378 214
929 573
708 697
800 208
764 904
755 43
674 219
900 259
690 855
104 213
860 925
625 109
419 896
44 1
279 179
971 412
915 817
660 859
743 931
824 83
823 54
221 97
850 858
477 680
836 924
277 519
820 244
647 976
207 672
352 731
883 592
2 177
133 807
627 585
131 768
189 582
867 455
244 302
690 660
395 981
998 388
639 312
981 815
370 803
995 283
777 756
352 607
207 317
512 25
576 261
537 689
990 184
208 476
264 963
21 794
254 481
826 575
502 848
663 110
546 644
305 49
792 684
687 995
201 384
660 670
690 585
232 845
734 593
623 740
25 246
608 858
750 692
807 750
739 840
155 103
560 341
273 795
460 875
607 345
624 963
666 255
993 484
376 140
218 345
887 927
64 649
220 606
996 54
965 200
973 415
824 324
771 669
601 751
517 809
304 530
660 981
680 658
622 143
778 591
196 881
224 909
172 403
938 925
783 896
260 229
892 804
622 716
284 285
507 311
764 591
778 663
286 782
264 337
247 120
589 596
563 632
234 110
965 469
89 464
815 944
205 181
296 618
709 311
113 787
854 650
495 580
726 119
317 622
602 211
358 105
768 597
847 934
734 403
907 53
545 454
165 216
983 1
778 782
942 718
172 817
930 281
568 704
699 659
289 94
772 592
867 89
470 177
912 468
763 139
279 741
227 407
360 768
178 80
969 674
240 320
916 910
976 43
542 436
313 761
298 757
72 753
580 184
4 297
655 809
201 391
479 28
326 859
536 366
919 674
29 229
211 45
721 203
38 984
234 511
721 419
721 3
677 756
763 215
732 587
11 533
760 285
302 819
466 18
429 668
404 135
934 687
199 621
76 766
326 96
907 89
489 544
476 289
660 379
351 237
621 609
212 104
233 295
657 232
783 709
383 321
315 824
53 168
941 425
788 617
312 139
449 770
267 961
910 893
259 806
208 610
175 954
378 322
771 460
697 501
486 979
335 429
595 444
265 577
756 855
745 443
10 402
132 411
134 92
140 313
580 99
63 846
99 7
886 100
782 556
839 89
973 260
708 921
693 243
970 313
940 97
83 469
718 444
228 194
763 123
232 500
22 532
931 762
519 511
903 349
218 536
554 101
422 633
854 180
391 453
896 144
45 951
266 997
203 409
706 617
480 493
520 55
201 64
724 5
429 601
749 541
376 935
91 424
953 704
294 134
747 139
908 447
208 95
823 437
825 17
373 920
127 251
774 769
206 999
946 7
500 896
153 229
215 801
336 753
292 611
291 383
25 36
405 221
483 299
177 316
281 541
237 357
583 747
914 857
236 634
85 240
589 473
529 316
271 542
251 875
73 482
332 280
87 600
779 833
593 850
817 435
777 628
90 226
601 783
122 714
787 871
974 721
215 750
95 842
472 863
859 947
159 195
204 439
791 487
342 118
623 708
885 728
275 726
85 590
955 862
560 505
979 176
332 521
714 462
378 503
723 523
192 347
94 832
904 663
832 226
151 505
847 18
639 493
679 412
469 561
935 24
395 504
869 669
479 440
766 129
995 59
887 202
931 794
535 72
826 117
890 968
45 388
863 739
326 665
627 772
650 548
37 430
964 742
7 628
728 102
779 671
736 231
460 636
819 928
609 627
745 378
405 33
992 214
961 223
306 429
929 40
101 93
931 383
785 539
155 863
38 252
26 17
843 474
402 586
912 517
460 890
581 487
90 61
25 631
493 454
436 655
168 840
612 990
763 763
620 727
849 701
857 1000
2 574
172 596
642 914
778 354
88 291
703 419
72 637
638 951
89 312
851 97
976 738
817 943
195 50
876 563
367 950
721 700
435 286
937 750
643 654
506 830
725 488
933 399
607 584
89 519
343 422
383 314
874 536
492 374
598 781
314 678
287 139
518 64
614 481
76 487
573 494
31 785
596 840
361 433
311 846
345 406
518 743
432 771
396 113
643 197
153 611
756 304
640 746
633 66
377 728
700 30
832 384
73 723
308 380
507 651
729 127
951 396
855 84
862 226
808 21
248 771
30 4
12 745
50 437
257 844
22 82
281 14
829 838
560 5
309 51
849 908
76 420
865 866
16 467
634 17
54 988
74 968
404 304
193 210
382 772
631 613
453 71
819 196
667 63
709 46
744 957
853 572
312 700
337 711
579 838
611 7
492 319
145 237
307 544
108 434
835 813
353 526
388 951
59 706
858 316
254 214
172 922
182 276
862 495
286 594
519 428
402 413
612 461
317 17
699 27
883 473
593 642
593 53
229 323
920 391
138 227
326 405
865 794
620 635
804 741
401 158
317 845
45 321
477 110
135 580
789 545
672 664
824 354
246 572
823 794
322 851
380 166
218 92
679 486
815 665
524 215
496 408
947 834
934 509
575 11
982 286
792 106
826 885
73 813
784 322
666 636
265 647
287 396
379 922
991 357
600 478
942 484
325 226
339 394
892 744
91 802
418 79
828 855
762 162
955 180
1000 615
438 210
574 105
619 989
410 79
111 487
198 722
392 156
543 187
716 349
295 811
983 525
468 552
377 375
862 854
654 925
284 676
956 978
928 747
832 282
638 955
729 501
673 190
660 959
735 779
398 395
896 668
165 19
42 944
624 594
608 730
386 938
702 968
931 54
679 661
799 746
432 591
421 69
658 873
593 598
915 226
242 148
126 661
85 669
710 231
328 792
575 37
464 635
214 675
91 5
627 101
751 341
366 242
25 129
120 292
23 456
613 473
919 761
57 853
69 113
160 686
169 762
923 159
166 470
570 549
885 56
277 373
648 539
434 692
271 345
11 501
414 29
52 343
645 665
449 756
127 305
94 716
843 382
285 184
302 453
420 679
279 245
76 276
250 405
323 5
846 299
123 390
15 438
889 804
324 564
766 243
802 365
498 153
935 919
364 576
976 919
643 56
491 398
504 386
14 273
233 134
494 673
400 270
689 273
866 153
797 387
377 385
670 907
531 453
188 954
80 672
650 52
71 80
393 11
586 24
779 130
309 246
160 594
771 109
524 488
777 229
135 213
521 534
179 173
177 257
682 849
241 183
974 805
841 143
71 770
608 972
377 861
22 421
83 902
275 452
232 58
45 559
354 946
39 842
682 226
180 715
825 562
8 325
515 144
727 854
839 29
580 800
864 603
636 627
807 397
960 738
118 440
559 114
774 410
25 62
498 378
933 989
74 255
340 82
889 95
291 900
240 210
133 260
457 725
463 433
780 456
787 847
981 904
749 515
356 406
369 201
163 997
467 479
884 608
597 695
889 570
677 817
458 788
92 134
475 514
368 710
650 726
34 555
877 308
817 836
91 412
294 187
286 668
198 815
15 763
139 483
786 807
355 85
493 920
647 976
222 723
142 330
226 743
551 183
407 803
858 244
851 198
328 508
450 398
287 743
284 314
975 622
4 776
695 993
90 672
576 521
186 630
305 822
643 132
362 945
785 134
17 75
476 116
672 789
159 723
764 614
1 284
888 105
159 988
288 227
840 411
951 881
776 805
121 344
62 892
121 243
333 427
4 505
687 708
189 453
837 780
407 276
576 706
726 26
612 11
526 21
511 873
330 105
351 103
511 562
977 279
974 77
58 108
453 183
434 136
655 620
980 271
919 114
488 394
361 939
674 878
2 199
832 834
787 191
535 636
161 523
686 181
392 725
105 272
804 372
951 431
902 674
357 254
197 623
378 702
970 403
705 3
827 935
538 159
785 45
584 461
490 948
644 950
47 477
913 912
319 480
750 729
570 728
631 704
512 451
660 949
16 435
465 852
57 711
612 919
228 738
435 825
487 611
259 619
316 52
858 674
224 916
517 375
444 909
626 726
712 774
696 320
51 329
114 537
516 854
497 402
524 655
167 832
777 442
12 683
117 234
724 832
45 231
14 184
787 113
271 799
749 856
949 925
539 599
541 824
156 285
886 712
234 67
948 274
209 592
605 886
740 608
367 577
17 416
48 764
248 428
821 699
919 762
884 102
209 285
945 443
762 930
989 778
813 406
538 608
334 998
448 925
113 981
708 238
89 930
52 811
369 423
68 306
79 427
347 762
468 769
615 305
557 359
429 103
109 600
298 209
817 314
517 582
258 609
898 837
135 714
808 262
720 857
116 252
108 651
324 465
140 389
557 106
725 179
294 23
458 289
211 373
256 190
418 931
849 52
345 968
561 994
502 115
132 842
701 98
150 139
551 268
433 296
565 127
523 342
225 954
637 66
349 292
109 481
393 268
197 55
601 278
322 713
853 628
61 18
160 547
181 690
482 746
748 178
598 295
198 841
516 601
269 34
776 430
415 916
713 255
622 593
163 400
15 127
126 185
388 674
780 583
666 120
591 875
652 723
488 786
862 827
537 955
186 825
741 284
966 957
194 646
244 602
126 708
242 564
759 656
440 577
825 454
588 941
220 191
233 564
492 608
611 588
783 576
245 936
827 925
211 598
749 704
720 34
698 268
186 937
666 635
729 911
336 609
235 513
620 295
579 92
817 977
189 860
663 233
132 406
986 378
341 190
121 877
9 113
112 63
39 533
630 585
927 668
192 711
416 917
252 858
427 459
839 102
445 668
280 892
865 451
762 617
164 862
686 845
887 896
726 94
169 600
883 298
259 121
961 80
761 408
166 408
623 9
382 6
426 27
586 291
643 543
876 108
240 37
964 441
227 262
942 647
649 499
10 743
707 909
555 437
600 619
585 785
442 503
903 929
132 913
421 5
347 610
575 266
722 690
980 120
356 740
159 836
350 117
218 975
793 968
270 820
149 60
293 534
305 748
152 552
796 334
665 267
303 909
379 907
81 704
556 322
50 480
682 748
392 357
563 794
677 978
235 95
366 277
794 262
358 120
580 794
57 923
191 667
401 191
592 592
269 60
614 440
397 284
382 120
295 558
277 624
653 636
377 494
941 341
753 49
999 980
360 287
747 215
750 247
512 64
887 24
166 680
442 113
573 303
770 294
260 557
441 354
659 989
704 487
785 148
177 551
767 646
253 911
106 474
334 647
981 553
871 227
765 466
662 189
923 545
529 40
974 308
462 894
718 781
409 652
578 971
354 713
75 744
556 522
951 68
960 201
735 153
392 689
96 757
324 948
638 603
368 381
693 522
516 238
518 196
795 724
912 296
916 542
740 721
212 241
216 542
786 383
773 928
10 19
986 958
123 990
894 284
993 958
201 847
347 34
276 955
46 823
476 37
200 614
523 66
486 923
311 798
774 199
426 990
318 808
592 311
443 284
236 452
595 481
899 931
868 96
535 65
578 13
821 802
733 345
863 209
704 768
52 742
132 764
795 395
642 664
811 999
341 893
454 547
878 688
154 967
622 834
191 422
799 15
859 365
91 840
529 176
844 353
405 542
26 411
642 640
377 27
404 574
824 753
926 506
218 34
462 202
33 815
572 362
398 188
551 408
234 178
935 439
497 29
956 92
10 246
62 596
584 690
506 460
380 81
300 247
272 536
271 420
181 559
63 534
6 700
631 306
747 23
315 356
231 716
328 18
531 244
863 687
377 835
310 10
25 787
542 996
895 16
446 238
555 515
750 929
791 695
877 235
813 639
84 409
247 70
393 199
109 805
93 490
394 808
574 495
567 585
382 65
231 956
546 911
449 818
571 835
490 70
657 12
168 555
315 157
808 891
280 44
384 473
457 987
230 257
124 819
615 963
107 108
641 115
603 982
66 28
558 76
358 496
177 252
773 513
86 80
570 972
931 535
965 121
754 756
530 548
71 510
680 695
77 47
371 358
881 518
155 641
765 605
523 69
167 931
122 604
223 994
253 440
812 778
987 292
64 741
120 603
519 825
234 39
725 585
191 371
13 540
701 161
474 69
825 350
274 553
777 649
933 244
170 575
995 44
418 202
227 268
718 277
429 907
286 90
457 258
180 460
958 18
297 557
404 76
776 505
882 798
457 609
577 285
535 482
870 549
619 235
332 867
895 683
944 436
155 776
915 355
755 760
732 399
838 812
547 698
593 72
415 59
467 413
609 117
615 152
439 806
460 328
922 585
296 955
904 380
401 353
67 483
611 136
639 915
789 599
200 912
675 827
922 383
125 476
271 980
783 97
285 814
303 720
277 558
299 503
981 252
384 70
95 802
59 10
176 910
852 812
746 196
902 848
906 90
425 223
842 11
800 781
752 725
108 131
958 723
886 462
376 499
41 78
713 600
926 992
942 713
837 173
17 185
275 713
607 325
374 452
867 217
907 76
409 251
769 530
443 870
724 288
120 737
530 617
816 574
833 441
369 139
71 681
245 76
601 101
698 671
949 989
816 830
511 735
199 1
544 835
358 953
866 118
557 502
221 904
484 394
278 886
177 388
75 848
495 159
888 252
849 784
148 505
619 27
77 341
194 526
864 672
678 780
778 855
847 995
874 690
949 199
268 981
71 197
79 331
637 856
104 102
622 680
509 537
939 270
659 798
218 762
793 944
852 877
178 659
15 431
159 135
844 898
411 488
42 85
253 537
625 994
105 924
616 544
647 443
241 377
307 899
103 317
603 60
174 926
773 394
819 586
750 55
232 580
43 846
106 691
292 114
835 922
620 397
984 742
675 857
75 267
572 563
490 296
975 242
214 742
160 589
54 412
998 594
81 110
997 640
55 514
172 294
513 594
384 489
869 668
575 426
667 125
174 766
266 145
332 972
635 413
37 770
29 174
927 105
496 959
632 708
50 535
606 949
109 704
557 73
63 954
445 311
304 597
122 428
927 59
578 89
158 44
450 532
953 439
394 363
220 664
932 524
234 596
553 360
414 231
348 275
150 118
677 838
242 437
591 781
114 627
874 402
334 177
906 304
971 631
454 816
293 7
138 703
455 504
197 558
460 492
348 761
538 818
813 897
130 277
421 810
410 938
371 245
259 222
146 743
762 935
923 113
187 30
856 134
833 299
906 424
240 208
733 458
108 229
151 711
799 619
884 690
71 761
300 452
389 331
860 498
463 821
905 836
294 828
720 191
841 237
1 332
241 396
631 183
507 447
810 176
537 433
749 837
929 183
832 927
524 966
422 240
800 971
152 395
863 857
633 956
118 463
761 100
967 631
474 855
991 961
566 637
320 262
734 428
976 149
868 4
369 337
123 450
263 472
473 862
589 398
228 468
512 632
978 311
802 42
103 889
856 962
315 597
893 786
409 942
789 945
642 957
555 507
216 886
995 517
547 651
896 234
895 296
728 336
756 13
723 827
509 776
975 234
130 608
815 941
646 99
471 613
329 153
538 4
559 190
684 584
383 164
425 101
396 918
92 920
960 151
920 436
964 489
123 329
50 430
774 728
635 259
430 472
801 632
710 548
830 745
259 147
379 984
846 767
139 888
430 439
901 331
139 508
389 150
252 887
267 192
34 234
578 254
163 147
723 514
24 100
904 367
399 277
401 15
449 769
634 333
597 612
715 956
308 988
199 782
51 709
973 509
684 323
202 293
413 996
341 840
143 891
490 985
536 415
144 329
370 969
19 158
146 242
786 647
313 242
234 393
982 954
137 925
91 939
460 711
548 365
705 585
555 985
950 382
110 231
952 911
127 113
477 553
843 254
27 509
532 440
318 695
231 598
950 872
343 899
382 492
928 541
230 453
612 263
298 766
762 375
282 872
938 481
688 664
898 370
316 887
860 669
347 993
214 554
148 119
144 530
98 277
121 892
349 532
763 540
281 617
339 486
916 324
338 863
836 498
990 365
792 108
793 906
538 238
617 29
171 273
87 488
663 257
264 771
269 839
983 672
264 216
729 685
160 796
623 69
978 880
256 543
708 580
4 669
522 966
114 103
676 502
139 782
45 288
188 457
30 429
80 107
449 858
140 138
38 47
874 474
89 328
630 24
474 792
780 320
619 178
32 448
758 238
436 866
237 122
126 374
608 254
311 325
114 223
533 167
292 293
537 822
129 604
98 33
680 935
657 34
990 304
667 48
537 922
994 598
190 472
564 658
979 154
178 223
734 743
514 411
844 198
758 698
10 331
195 81
760 385
419 356
642 354
923 688
797 905
726 185
416 904
712 486
104 826
707 680
530 706
838 575
669 410
945 829
285 710
98 176
906 558
411 972
759 903
177 399
243 867
631 652
99 828
697 857
470 837
433 664
816 793
30 513
567 170
672 607
225 283
869 895
932 31
863 52
549 736
964 390
498 928
957 126
224 252
287 443
245 307
701 232
782 427
779 339
723 501
733 560
710 964
630 397
568 290
745 691
500 772
972 883
378 81
648 518
941 734
251 892
30 341
285 367
343 49
70 101
712 587
751 425
293 793
708 57
389 833
9 650
621 827
2 656
860 932
945 391
660 60
619 365
111 129
763 421
32 225
918 893
94 149
566 40
804 1000
688 382
924 428
509 463
999 205
540 340
518 692
687 326
213 381
265 692
426 689
295 170
66 685
148 69
901 169
162 519
365 211
120 985
163 457
903 980
426 538
372 727
938 438
834 77
38 217
165 756
479 884
623 598
358 860
438 763
382 81
564 870
800 576
702 956
972 586
398 336
199 683
818 706
151 436
466 563
137 929
909 746
444 19
613 522
723 774
6 402
783 373
587 147
123 994
617 358
614 494
242 388
285 951
236 299
78 924
856 192
37 227
99 671
139 620
480 725
154 852
971 503
906 419
15 448
760 102
314 599
490 5
484 694
772 134
884 884
269 816
666 620
466 537
430 428
995 49
816 383
89 21
501 828
831 421
745 156
558 998
383 343
166 816
699 592
220 872
457 181
302 120
19 680
17 163
206 624
260 745
781 25
522 601
749 528
580 234
528 839
741 504
842 183
404 310
591 561
5 454
819 660
576 106
104 739
929 855
436 396
334 733
704 473
36 960
786 19
331 706
484 218
109 175
818 550
971 855
544 218
632 215
106 283
660 872
539 517
602 375
110 566
178 955
176 817
920 539
828 69
635 253
165 84
431 304
944 604
67 923
847 265
996 635
663 273
136 121
114 942
260 226
14 880
863 357
117 777
60 233
731 343
948 796
723 101
58 117
618 170
277 563
210 208
353 3
849 926
382 446
287 31
600 752
548 425
413 675
95 551
314 826
152 688
823 678
495 813
614 684
834 614
392 893
964 342
976 717
856 675
509 821
18 543
909 962
662 874
549 451
935 917
441 886
90 408
275 179
712 765
451 488
799 666
292 875
522 284
791 723
325 495
142 512
729 150
419 638
430 561
453 303
588 442
570 638
201 231
240 572
542 548
242 446
906 470
209 773
661 224
640 509
942 442
848 958
278 717
458 214
155 304
735 846
902 166
251 632
789 270
86 384
90 114
66 288
609 864
688 201
142 940
299 33
981 628
26 832
160 658
682 666
109 710
523 336
973 98
182 558
87 636
805 662
10 39
195 12
46 442
664 393
668 175
302 345
953 365
223 124
176 215
612 96
301 531
319 765
298 196
442 584
749 409
606 313
856 115
702 237
49 347
473 468
119 657
259 356
915 214
868 196
484 987
903 114
490 672
613 702
516 550
216 860
746 269
728 566
452 319
593 136
824 475
723 858
520 243
257 658
666 998
819 543
310 199
820 719
612 924
908 890
523 984
374 964
75 193
683 319
708 674
702 255
525 602
119 476
950 644
288 819
70 669
739 509
877 410
825 495
675 287
564 209
16 320
534 63
89 596
936 339
458 909
748 512
494 601
172 825
105 4
377 712
159 84
940 463
130 267
504 723
831 833
293 3
505 192
607 566
693 510
710 578
445 110
236 446
646 79
34 625
353 331
242 200
397 818
86 956
107 597
736 673
625 947
328 753
584 495
978 47
478 487
765 805
573 151
829 134
658 196
273 468
231 658
197 635
873 711
42 628
362 125
129 11
40 988
588 498
212 133
725 572
613 608
205 882
555 735
31 210
548 657
122 434
89 872
74 858
650 995
695 767
774 917
756 977
228 652
801 774
406 27
290 740
528 328
