629 126
770 153 93 366 870 582 485 737 1 433 281 737 896 491 979 398 405 118 385 516 105 949 368 894 113 487 81 360 494 259 242 434 225 467 722 494 338 517 327 36 13 809 235 562 697 582 172 470 508 466 754 822 77 323 571 617 425 168 568 793 791 800 986 13 642 485 167 531 897 26 217 625 266 409 976 330 473 90 669 18 980 587 284 784 847 78 666 943 349 707 122 624 921 174 632 385 694 301 168 595 515 382 16 385 137 19 602 579 339 487 429 858 633 74 783 647 889 567 844 339 23 178 145 180 396 373 264 275 56 609 303 667 324 55 221 132 161 518 711 448 301 425 274 405 439 631 904 352 441 357 862 453 433 114 86 155 122 526 123 455 934 953 986 685 468 932 792 693 611 748 298 651 954 673 435 489 884 793 531 774 513 626 641 536 649 954 249 417 387 950 680 439 702 947 863 21 891 529 34 475 897 634 214 423 234 828 580 621 368 165 811 450 376 652 242 153 442 360 522 378 745 26 548 955 880 162 114 505 196 544 954 574 201 92 632 149 796 423 303 726 216 181 10 67 887 861 42 973 453 787 108 391 992 180 373 203 674 340 82 288 636 155 173 387 650 260 437 688 909 728 335 511 954 534 88 94 435 168 144 406 413 260 2 945 955 265 810 590 426 713 808 612 221 453 885 600 692 59 746 626 80 678 854 882 167 774 104 926 578 654 313 31 713 949 739 314 829 499 599 763 888 254 932 746 149 89 440 332 539 882 967 331 485 867 762 61 507 769 129 1 901 720 412 201 220 515 34 519 49 221 73 450 755 773 382 565 945 302 583 29 604 954 467 528 289 218 790 402 920 618 798 260 754 801 841 816 983 934 589 501 707 676 972 303 674 350 450 836 567 195 938 861 34 604 953 199 771 410 837 139 525 817 606 26 152 812 851 661 261 93 282 614 245 373 367 165 14 17 528 959 81 594 344 975 728 646 367 343 54 753 161 781 365 222 335 446 683 658 618 708 978 406 45 171 770 739 876 335 994 725 550 38 373 155 44 512 350 125 37 874 554 90 786 51 304 654 297 557 745 477 785 832 66 454 279 851 311 777 977 941 496 122 281 366 168 744 551 288 614 886 16 558 51 507 86 115 239 809 868 399 629 157 133 202 938 961 619 135 759 933 603 113 767 298 632 897 159 48 891 996 225 976 359 395 543 392 13 656 807 538 978 625 220 698 13 548 681 66 268 877 851 229 3 400 267 880 80 402 211 208 801 804 545 64 623 429 255 374 182 43 389 312 988 832 354 628 444 326 993 245 893 854 382 694 847 425 962 502 533 681 791 137 665 508 403 762 729 647 220 844 92 572 632 587 381 497 968 981 58 515 470 834 1 622 422 601 585 594 470 912 528 373 387 109 771 586 71 213 170 668 272 988 162 290 670 466 201 84 174
411 108
282 55
101 316
313 254
420 758
408 480
225 454
346 279
278 97
409 48
460 253
151 487
489 324
153 326
464 8
202 135
48 373
322 82
260 285
217 148
571 312
4 310
97 243
514 166
218 207
560 32
283 2
52 757
70 25
338 476
510 101
583 434
271 10
283 0
523 181
287 362
186 863
364 229
189 119
629 123
107 526
174 627
59 337
608 364
383 252
463 356
43 221
7 18
469 171
401 46
260 3
146 386
246 572
189 79
140 314
328 12
522 77
355 43
65 523
565 232
455 35
354 87
596 118
564 35
54 225
211 192
483 193
87 224
204 101
339 40
511 282
264 338
43 11
579 482
392 854
124 98
264 31
574 536
347 14
102 181
427 148
247 33
297 467
34 313
349 24
348 452
194 823
573 185
291 370
598 315
607 266
167 86
155 25
431 117
36 410
353 716
223 211
524 376
480 61
558 125
46 196
533 52
27 21
596 353
526 384
271 229
51 454
251 18
328 279
423 312
462 57
111 426
202 388
365 251
615 666
446 386
614 14
585 339
20 386
197 340
463 189
366 199
265 6
434 86
232 309
384 222
